1000 -0.013000 -0.069000 -0.089000 0.098000 0.164000 0.946000
1001 -0.012169 -0.068632 -0.089701 0.102910 0.172460 0.946035
1002 -0.011662 -0.068199 -0.090427 0.108059 0.180981 0.946132
1003 -0.011132 -0.067930 -0.090921 0.112963 0.189301 0.946113
1004 -0.010454 -0.067582 -0.091291 0.117895 0.197434 0.946131
1005 -0.009799 -0.067577 -0.091333 0.122505 0.205385 0.945932
1006 -0.009332 -0.067521 -0.091501 0.127172 0.213525 0.945891
1007 -0.008893 -0.067452 -0.091709 0.131932 0.221327 0.945829
1008 -0.008726 -0.067490 -0.091725 0.136534 0.229067 0.945676
1009 -0.008840 -0.067646 -0.091592 0.140875 0.236906 0.945356
1010 -0.008868 -0.067760 -0.091548 0.145044 0.244809 0.945075
1011 -0.008553 -0.067781 -0.091397 0.149464 0.252568 0.944796
1012 -0.008870 -0.068159 -0.091021 0.153614 0.260111 0.944287
1013 -0.009049 -0.068509 -0.090740 0.157669 0.267416 0.943896
1014 -0.009398 -0.068654 -0.090685 0.162104 0.274755 0.943685
1015 -0.009584 -0.068706 -0.090640 0.166603 0.282006 0.943484
1016 -0.010172 -0.069053 -0.090246 0.170731 0.289310 0.943050
1017 -0.010136 -0.069013 -0.090022 0.175117 0.296411 0.942841
1018 -0.010387 -0.068914 -0.090020 0.179618 0.303213 0.942810
1019 -0.011474 -0.068970 -0.090006 0.184006 0.309717 0.942652
1020 -0.011474 -0.068970 -0.090006 0.184006 0.309717 0.942652
1021 -0.013214 -0.068930 -0.090478 0.188758 0.316317 0.942730
1022 -0.014781 -0.068883 -0.090940 0.193768 0.323483 0.942739
1023 -0.015978 -0.068922 -0.091317 0.198540 0.330428 0.942676
1024 -0.016964 -0.068940 -0.091387 0.203263 0.336977 0.942568
1025 -0.018030 -0.069153 -0.091261 0.207819 0.343079 0.942524
1026 -0.019116 -0.069744 -0.091074 0.212623 0.349014 0.942447
1027 -0.021092 -0.075252 -0.090313 0.231384 0.372251 0.941624
1028 -0.021760 -0.075239 -0.090278 0.235686 0.378729 0.941349
1029 -0.022180 -0.074535 -0.090158 0.239496 0.384842 0.941046
1030 -0.022162 -0.073613 -0.089791 0.243030 0.390707 0.940615
1031 -0.021849 -0.072548 -0.089416 0.246674 0.396945 0.940277
1032 -0.020892 -0.071764 -0.089035 0.250327 0.403074 0.940070
1033 -0.020110 -0.071152 -0.088984 0.254757 0.410043 0.940075
1034 -0.018958 -0.071124 -0.088665 0.258817 0.416156 0.939857
1035 -0.017909 -0.071257 -0.088329 0.262984 0.422263 0.939797
1036 -0.016836 -0.071338 -0.088129 0.267147 0.428519 0.939656
1037 -0.015605 -0.071482 -0.087920 0.271185 0.434824 0.939354
1038 -0.014359 -0.071393 -0.087733 0.275204 0.441087 0.939207
1039 -0.012912 -0.071424 -0.087460 0.279358 0.447078 0.939192
1040 -0.012912 -0.071424 -0.087460 0.279358 0.447078 0.939192
1041 -0.012018 -0.072053 -0.087452 0.283313 0.453373 0.939558
1042 -0.011248 -0.072833 -0.087455 0.287587 0.459931 0.939890
1043 -0.011303 -0.073519 -0.087502 0.292293 0.466727 0.939757
1044 -0.010844 -0.073992 -0.087365 0.296686 0.472893 0.939669
1045 -0.010271 -0.074094 -0.087200 0.300762 0.478630 0.939481
1046 -0.009452 -0.073543 -0.086851 0.304574 0.484140 0.939346
1047 -0.008433 -0.072520 -0.086463 0.308514 0.490078 0.939291
1048 -0.007457 -0.071219 -0.086183 0.311912 0.495703 0.938976
1049 -0.006034 -0.070067 -0.085713 0.315327 0.500849 0.938798
1050 -0.004662 -0.069289 -0.085205 0.319035 0.505948 0.938968
1051 -0.003743 -0.069073 -0.084792 0.322822 0.510960 0.939172
1052 -0.003377 -0.069159 -0.084481 0.326984 0.515720 0.939163
1053 -0.002978 -0.069615 -0.084236 0.330905 0.519962 0.939079
1054 -0.002635 -0.070078 -0.083775 0.334572 0.524036 0.939239
1055 -0.003014 -0.070401 -0.083728 0.338917 0.528701 0.939338
1056 -0.003262 -0.071191 -0.083529 0.343497 0.532701 0.939062
1057 -0.002844 -0.073302 -0.083192 0.348176 0.536889 0.938989
1058 -0.002445 -0.076410 -0.083150 0.353704 0.541096 0.938703
1059 -0.001752 -0.080262 -0.083184 0.359574 0.545366 0.938720
1060 -0.001752 -0.080262 -0.083184 0.359574 0.545366 0.938720
1061 -0.001492 -0.083680 -0.083374 0.364410 0.549741 0.939391
1062 -0.001167 -0.086278 -0.083585 0.368233 0.554258 0.939669
1063 -0.001421 -0.087851 -0.083832 0.372074 0.558828 0.939258
1064 -0.001365 -0.088979 -0.084048 0.376301 0.563186 0.938869
1065 -0.001074 -0.090756 -0.084269 0.380729 0.567031 0.938806
1066 -0.001437 -0.093839 -0.084370 0.385613 0.570512 0.938752
1067 -0.001754 -0.097966 -0.084553 0.390659 0.573495 0.938729
1068 -0.002319 -0.102396 -0.084719 0.395489 0.576239 0.938564
1069 -0.002794 -0.106032 -0.085014 0.399817 0.578762 0.938285
1070 -0.002880 -0.108269 -0.085315 0.402989 0.580912 0.937968
1071 -0.003147 -0.108556 -0.085714 0.405687 0.583032 0.937628
1072 -0.003663 -0.107791 -0.085826 0.407317 0.585202 0.937142
1073 -0.004465 -0.106464 -0.085869 0.408935 0.587752 0.936839
1074 -0.005450 -0.105243 -0.086065 0.411087 0.590547 0.936477
1075 -0.005887 -0.104304 -0.086338 0.413086 0.592528 0.936023
1076 -0.005839 -0.103685 -0.086526 0.414405 0.594417 0.935730
1077 -0.006335 -0.102416 -0.086909 0.416192 0.596868 0.935316
1078 -0.006506 -0.100774 -0.087210 0.417469 0.599058 0.934948
1079 -0.006816 -0.098821 -0.087616 0.418766 0.601147 0.934463
1080 -0.006816 -0.098821 -0.087616 0.418766 0.601147 0.934463
1081 -0.007214 -0.098117 -0.088017 0.419066 0.604780 0.934357
1082 -0.007242 -0.098125 -0.088440 0.419932 0.608723 0.934231
1083 -0.006045 -0.098298 -0.088995 0.421362 0.611312 0.933716
1084 -0.004653 -0.098293 -0.089685 0.422604 0.614031 0.933457
1085 -0.002883 -0.097549 -0.090392 0.423597 0.616372 0.933138
1086 -0.000773 -0.095697 -0.091128 0.424358 0.618028 0.932911
1087 0.000805 -0.093258 -0.091680 0.423947 0.620085 0.932554
1088 0.002442 -0.089953 -0.092345 0.424470 0.622153 0.932398
1089 0.003862 -0.087372 -0.092768 0.423809 0.624223 0.931922
1090 0.005791 -0.084682 -0.093248 0.423954 0.625486 0.931918
1091 0.007221 -0.082877 -0.093619 0.423649 0.626543 0.931758
1092 0.008262 -0.081318 -0.094129 0.423716 0.627640 0.931539
1093 0.009405 -0.079971 -0.094670 0.423874 0.628736 0.931279
1094 0.010416 -0.078805 -0.095100 0.423705 0.629691 0.931028
1095 0.011443 -0.077174 -0.095633 0.423682 0.630170 0.930919
1096 0.012152 -0.075796 -0.096033 0.423122 0.630176 0.930723
1097 0.012637 -0.074000 -0.096649 0.423170 0.629760 0.930594
1098 0.012823 -0.072916 -0.097157 0.423051 0.629631 0.930303
1099 0.012980 -0.072073 -0.097768 0.423119 0.629610 0.930018
1100 0.012980 -0.072073 -0.097768 0.423119 0.629610 0.930018
1101 0.011377 -0.071451 -0.098465 0.422218 0.630992 0.929811
1102 0.009574 -0.070334 -0.099196 0.421236 0.632080 0.929632
1103 0.008290 -0.068490 -0.099847 0.420565 0.631579 0.929187
1104 0.007193 -0.066007 -0.100646 0.420236 0.630351 0.928864
1105 0.006268 -0.063798 -0.101337 0.419536 0.628575 0.928495
1106 0.004388 -0.061789 -0.101980 0.419622 0.627512 0.928212
1107 0.002640 -0.060580 -0.102624 0.419794 0.626156 0.927838
1108 0.001566 -0.060051 -0.103230 0.420027 0.624290 0.927525
1109 0.000418 -0.059829 -0.103840 0.420422 0.622423 0.927227
1110 -0.000129 -0.059663 -0.104370 0.420617 0.620392 0.926816
1111 -0.000875 -0.059201 -0.104955 0.420811 0.618311 0.926513
1112 -0.001459 -0.058468 -0.105527 0.421109 0.616300 0.926206
1113 -0.001837 -0.057817 -0.106132 0.421599 0.614199 0.925813
1114 -0.001973 -0.057568 -0.106627 0.422004 0.612113 0.925532
1115 -0.002183 -0.057803 -0.107161 0.422525 0.610326 0.925334
1116 -0.001974 -0.058172 -0.107772 0.423414 0.608134 0.925127
1117 -0.001391 -0.058634 -0.108434 0.424578 0.605189 0.924954
1118 -0.001334 -0.059059 -0.109010 0.425251 0.603036 0.924830
1119 -0.000674 -0.059095 -0.109736 0.426168 0.599994 0.924537
1120 -0.000674 -0.059095 -0.109736 0.426168 0.599994 0.924537
1121 0.000121 -0.058787 -0.110473 0.426444 0.597734 0.924261
1122 0.001226 -0.058347 -0.111323 0.426907 0.594960 0.924010
1123 0.002404 -0.057869 -0.112188 0.427350 0.592537 0.923902
1124 0.003089 -0.057472 -0.112960 0.427759 0.590515 0.923900
1125 0.003716 -0.057146 -0.113872 0.428588 0.587412 0.923972
1126 0.004019 -0.057189 -0.114700 0.429553 0.583894 0.923943
1127 0.004091 -0.057649 -0.115594 0.430913 0.580071 0.923852
1128 0.004046 -0.058504 -0.116470 0.432243 0.576312 0.923728
1129 0.004184 -0.059193 -0.117362 0.433449 0.572247 0.923604
1130 0.004173 -0.059372 -0.118231 0.434274 0.568145 0.923523
1131 0.003953 -0.058705 -0.119077 0.434661 0.563723 0.923432
1132 0.003187 -0.057251 -0.119910 0.435004 0.559255 0.923332
1133 0.002370 -0.055633 -0.120632 0.435584 0.554390 0.923148
1134 0.001217 -0.054644 -0.121402 0.436738 0.549468 0.922987
1135 0.000383 -0.054995 -0.122151 0.438450 0.544138 0.922791
1136 -0.000261 -0.056670 -0.122932 0.440805 0.538588 0.922598
1137 -0.001083 -0.059344 -0.123712 0.443327 0.533196 0.922526
1138 -0.002098 -0.062168 -0.124575 0.445610 0.527785 0.922414
1139 -0.003066 -0.064305 -0.125456 0.447278 0.522228 0.922234
1140 -0.003066 -0.064305 -0.125456 0.447278 0.522228 0.922234
1141 -0.003804 -0.064013 -0.126344 0.448040 0.516806 0.921921
1142 -0.004294 -0.063453 -0.127160 0.448738 0.511266 0.921600
1143 -0.004629 -0.063706 -0.127843 0.449854 0.505673 0.921387
1144 -0.004852 -0.065533 -0.128542 0.451751 0.499873 0.921212
1145 -0.005066 -0.069018 -0.129330 0.454434 0.493922 0.921127
1146 -0.005404 -0.073791 -0.130190 0.457216 0.487855 0.920897
1147 -0.005908 -0.078389 -0.130994 0.459899 0.482101 0.920662
1148 -0.006071 -0.081468 -0.131843 0.462234 0.476302 0.920393
1149 -0.006292 -0.082643 -0.132664 0.463606 0.470649 0.920024
1150 -0.006623 -0.082059 -0.133368 0.464253 0.465161 0.919634
1151 -0.007147 -0.080382 -0.133887 0.464831 0.459906 0.919355
1152 -0.007822 -0.078888 -0.134306 0.465714 0.454939 0.919094
1153 -0.008017 -0.078578 -0.134586 0.466823 0.449599 0.918890
1154 -0.007821 -0.079583 -0.134825 0.468486 0.443374 0.918694
1155 -0.007357 -0.081602 -0.135061 0.470066 0.436827 0.918589
1156 -0.007374 -0.083515 -0.135486 0.472048 0.430728 0.918465
1157 -0.007461 -0.084662 -0.135929 0.473080 0.424480 0.918420
1158 -0.008023 -0.084108 -0.136496 0.473442 0.417779 0.918064
1159 -0.008692 -0.082258 -0.137025 0.472943 0.411131 0.917869
1160 -0.008692 -0.082258 -0.137025 0.472943 0.411131 0.917869
1161 -0.009690 -0.080250 -0.137570 0.472778 0.405977 0.917691
1162 -0.010574 -0.079415 -0.138087 0.473804 0.400439 0.917741
1163 -0.011198 -0.080202 -0.138534 0.474972 0.394089 0.917894
1164 -0.012045 -0.081935 -0.139011 0.476003 0.386688 0.917811
1165 -0.013070 -0.083790 -0.139526 0.476403 0.379359 0.917679
1166 -0.013810 -0.084633 -0.140102 0.476676 0.371922 0.917366
1167 -0.014744 -0.084453 -0.140753 0.476698 0.365346 0.917164
1168 -0.015152 -0.084028 -0.141252 0.476876 0.358011 0.917085
1169 -0.015366 -0.084757 -0.141531 0.477012 0.350214 0.917071
1170 -0.015689 -0.087261 -0.141800 0.477986 0.342479 0.917196
1171 -0.015601 -0.092258 -0.141889 0.479474 0.334651 0.917214
1172 -0.015131 -0.099472 -0.142119 0.481908 0.327131 0.917435
1173 -0.014300 -0.108108 -0.142442 0.484484 0.319905 0.917823
1174 -0.013478 -0.116414 -0.142813 0.486833 0.312320 0.918192
1175 -0.012907 -0.122969 -0.143193 0.488443 0.304825 0.918574
1176 -0.012711 -0.126927 -0.143600 0.489299 0.297977 0.918857
1177 -0.012303 -0.128647 -0.143921 0.488892 0.291214 0.919029
1178 -0.011255 -0.129032 -0.144038 0.487665 0.284214 0.919130
1179 -0.009958 -0.129283 -0.143989 0.486069 0.276676 0.919393
1180 -0.009958 -0.129283 -0.143989 0.486069 0.276676 0.919393
1181 -0.009452 -0.130027 -0.144386 0.485731 0.270661 0.919888
1182 -0.009021 -0.130663 -0.144879 0.484847 0.263876 0.920313
1183 -0.008465 -0.130580 -0.145442 0.483228 0.257228 0.920590
1184 -0.007668 -0.129551 -0.145696 0.480491 0.250164 0.920516
1185 -0.006327 -0.127663 -0.145838 0.476901 0.242729 0.920490
1186 -0.005111 -0.125288 -0.145999 0.473381 0.235355 0.920439
1187 -0.004282 -0.123274 -0.146198 0.470062 0.228148 0.920441
1188 -0.003324 -0.122248 -0.146217 0.466421 0.220104 0.920524
1189 -0.002529 -0.122039 -0.146432 0.463275 0.212602 0.920637
1190 -0.001576 -0.122408 -0.146738 0.459590 0.204554 0.920691
1191 -0.000323 -0.122287 -0.147131 0.455694 0.196546 0.920763
1192 0.000804 -0.121084 -0.147610 0.451201 0.189060 0.920867
1193 0.001974 -0.118229 -0.148185 0.446384 0.181072 0.920921
1194 0.002841 -0.114282 -0.148507 0.440971 0.173364 0.920725
1195 0.004104 -0.109991 -0.148694 0.434708 0.165158 0.920588
1196 0.005293 -0.105795 -0.148894 0.428841 0.156835 0.920445
1197 0.006139 -0.102411 -0.149054 0.423295 0.148558 0.920251
1198 0.006901 -0.099962 -0.149440 0.418347 0.140700 0.920252
1199 0.007955 -0.098550 -0.149736 0.413069 0.131639 0.920348
1200 0.007955 -0.098550 -0.149736 0.413069 0.131639 0.920348
1201 0.008497 -0.097342 -0.150717 0.408758 0.123651 0.920643
1202 0.008911 -0.095628 -0.151705 0.404237 0.115036 0.920900
1203 0.008904 -0.093539 -0.152606 0.399266 0.106237 0.921151
1204 0.008636 -0.091198 -0.153397 0.393947 0.097190 0.921302
1205 0.006846 -0.089392 -0.153482 0.387350 0.087451 0.920742
1206 0.005801 -0.087465 -0.153985 0.381642 0.078277 0.920419
1207 0.004353 -0.085945 -0.154371 0.375989 0.069035 0.920036
1208 0.003118 -0.085189 -0.154412 0.369659 0.059377 0.919599
1209 0.001891 -0.084564 -0.154678 0.364111 0.049668 0.919164
1210 0.001153 -0.084113 -0.155109 0.358748 0.039984 0.918855
1211 0.000379 -0.083885 -0.155224 0.352763 0.029584 0.918513
1212 -0.000517 -0.083487 -0.155483 0.346817 0.019469 0.918116
1213 -0.001092 -0.082703 -0.156072 0.341440 0.009741 0.917822
1214 -0.001471 -0.082033 -0.156314 0.335500 -0.000764 0.917536
1215 -0.001928 -0.081553 -0.156633 0.329452 -0.011151 0.917132
1216 -0.002557 -0.081076 -0.157066 0.323776 -0.021308 0.916662
1217 -0.002972 -0.080951 -0.157393 0.317694 -0.031708 0.916252
1218 -0.003619 -0.080787 -0.157945 0.312156 -0.042298 0.915902
1219 -0.004012 -0.080813 -0.158487 0.306218 -0.053124 0.915655
1220 -0.004012 -0.080813 -0.158487 0.306218 -0.053124 0.915655
1221 -0.004556 -0.080473 -0.159656 0.301120 -0.063339 0.915607
1222 -0.005055 -0.080047 -0.160918 0.295751 -0.074012 0.915620
1223 -0.005937 -0.079515 -0.162115 0.290303 -0.084792 0.915625
1224 -0.007459 -0.079076 -0.163230 0.284757 -0.095759 0.915498
1225 -0.009673 -0.079111 -0.163957 0.278299 -0.107122 0.915118
1226 -0.014243 -0.079426 -0.163992 0.271630 -0.117646 0.913588
1227 -0.016837 -0.079572 -0.164605 0.265620 -0.128868 0.913013
1228 -0.019252 -0.079846 -0.165054 0.259574 -0.140213 0.912372
1229 -0.021227 -0.079835 -0.165780 0.254022 -0.151199 0.911912
1230 -0.023220 -0.079819 -0.166112 0.247996 -0.162716 0.911635
1231 -0.026293 -0.079787 -0.166298 0.241913 -0.174121 0.910913
1232 -0.029128 -0.079548 -0.166747 0.236019 -0.185327 0.910321
1233 -0.031627 -0.079506 -0.166974 0.229199 -0.197345 0.909909
1234 -0.034610 -0.079172 -0.167263 0.223223 -0.209050 0.909425
1235 -0.036653 -0.079150 -0.167888 0.217196 -0.220532 0.909032
1236 -0.038711 -0.079585 -0.168040 0.210413 -0.232355 0.908578
1237 -0.040329 -0.079766 -0.168586 0.204394 -0.243689 0.908086
1238 -0.041909 -0.079988 -0.169238 0.198116 -0.254892 0.907814
1239 -0.043701 -0.080011 -0.169879 0.191874 -0.266169 0.907469
1240 -0.043701 -0.080011 -0.169879 0.191874 -0.266169 0.907469
1241 -0.044497 -0.079626 -0.171198 0.186378 -0.276485 0.907585
1242 -0.045215 -0.079378 -0.172466 0.180586 -0.286526 0.907561
1243 -0.045814 -0.079322 -0.173640 0.174647 -0.296352 0.907643
1244 -0.047018 -0.079550 -0.174697 0.168509 -0.305861 0.907559
1245 -0.048142 -0.079851 -0.175688 0.162355 -0.315192 0.907417
1246 -0.049181 -0.080215 -0.176552 0.156338 -0.324445 0.907058
1247 -0.049024 -0.080423 -0.177362 0.150211 -0.334265 0.906949
1248 -0.048681 -0.080519 -0.178302 0.144279 -0.343884 0.906973
1249 -0.048368 -0.080756 -0.179151 0.138037 -0.353157 0.906927
1250 -0.047726 -0.080608 -0.180120 0.132095 -0.362660 0.907229
1251 -0.047690 -0.080528 -0.180962 0.126243 -0.371668 0.907365
1252 -0.046947 -0.080543 -0.181768 0.120085 -0.381578 0.907394
1253 -0.046176 -0.080681 -0.182630 0.114115 -0.390530 0.907473
1254 -0.044763 -0.080848 -0.183759 0.108343 -0.399464 0.907724
1255 -0.043477 -0.081060 -0.184672 0.102616 -0.407957 0.908159
1256 -0.042093 -0.081183 -0.185478 0.096918 -0.416899 0.908635
1257 -0.040671 -0.081274 -0.186545 0.091038 -0.425860 0.909041
1258 -0.039263 -0.081311 -0.187543 0.085071 -0.434615 0.909356
1259 -0.037971 -0.081181 -0.188697 0.079410 -0.442750 0.909752
1260 -0.037971 -0.081181 -0.188697 0.079410 -0.442750 0.909752
1261 -0.037430 -0.080602 -0.190052 0.073678 -0.450042 0.910359
1262 -0.037303 -0.079627 -0.191418 0.067639 -0.457826 0.911049
1263 -0.037514 -0.078489 -0.192744 0.061478 -0.465685 0.911671
1264 -0.037967 -0.077389 -0.194053 0.055309 -0.473468 0.912217
1265 -0.038100 -0.076439 -0.195237 0.049091 -0.481532 0.912789
1266 -0.038233 -0.075590 -0.196356 0.043117 -0.489957 0.913365
1267 -0.038404 -0.074518 -0.197465 0.036898 -0.498543 0.913966
1268 -0.038673 -0.072661 -0.198651 0.030380 -0.507386 0.914580
1269 -0.038695 -0.069955 -0.199442 0.023443 -0.517000 0.915321
1270 -0.039585 -0.066941 -0.200550 0.016545 -0.525560 0.915815
1271 -0.040251 -0.064355 -0.201435 0.010097 -0.534013 0.916338
1272 -0.040664 -0.063454 -0.202304 0.004444 -0.542289 0.917044
1273 -0.041024 -0.064869 -0.203087 -0.000107 -0.550422 0.917886
1274 -0.040995 -0.068226 -0.203607 -0.004152 -0.559295 0.918842
1275 -0.040763 -0.072560 -0.204409 -0.007824 -0.568704 0.919577
1276 -0.040685 -0.076517 -0.205406 -0.012245 -0.578109 0.920212
1277 -0.040566 -0.078781 -0.206394 -0.017597 -0.587630 0.920776
1278 -0.040403 -0.078982 -0.207603 -0.023599 -0.596604 0.921160
1279 -0.039609 -0.077504 -0.208522 -0.030448 -0.606031 0.921451
1280 -0.039609 -0.077504 -0.208522 -0.030448 -0.606031 0.921451
1281 -0.040313 -0.076117 -0.209694 -0.036151 -0.612868 0.921996
1282 -0.041075 -0.076156 -0.210907 -0.041238 -0.620335 0.922829
1283 -0.041913 -0.077728 -0.212060 -0.045735 -0.627875 0.923536
1284 -0.042486 -0.080219 -0.213235 -0.050076 -0.635571 0.924225
1285 -0.042965 -0.082616 -0.214140 -0.054740 -0.643699 0.924783
1286 -0.043497 -0.084134 -0.215304 -0.059721 -0.651758 0.925150
1287 -0.043287 -0.084336 -0.216242 -0.065573 -0.660575 0.925633
1288 -0.043363 -0.083323 -0.217151 -0.071661 -0.669065 0.925835
1289 -0.043103 -0.081632 -0.217972 -0.078220 -0.678182 0.926130
1290 -0.043718 -0.079864 -0.218983 -0.084539 -0.686395 0.926066
1291 -0.044480 -0.078395 -0.219999 -0.090544 -0.694243 0.926220
1292 -0.045111 -0.077482 -0.220750 -0.096261 -0.702626 0.926360
1293 -0.045759 -0.077219 -0.221597 -0.101496 -0.710953 0.926421
1294 -0.046294 -0.077340 -0.222429 -0.107079 -0.719405 0.926465
1295 -0.046999 -0.077398 -0.223458 -0.112633 -0.727777 0.926322
1296 -0.047365 -0.077276 -0.224303 -0.118494 -0.736338 0.926056
1297 -0.048238 -0.076897 -0.225212 -0.124135 -0.744655 0.925801
1298 -0.049051 -0.076510 -0.226022 -0.129635 -0.752475 0.925594
1299 -0.049427 -0.076181 -0.226724 -0.134491 -0.760494 0.925518
1300 -0.049427 -0.076181 -0.226724 -0.134491 -0.760494 0.925518
1301 -0.050455 -0.076872 -0.227903 -0.139195 -0.767323 0.925303
1302 -0.051829 -0.077577 -0.229186 -0.144148 -0.774204 0.924985
1303 -0.053010 -0.077956 -0.230547 -0.149160 -0.781101 0.924592
1304 -0.054419 -0.078006 -0.231788 -0.154556 -0.787826 0.923983
1305 -0.055558 -0.077557 -0.232984 -0.159973 -0.794430 0.923444
1306 -0.056371 -0.076718 -0.233728 -0.165682 -0.802061 0.922961
1307 -0.057355 -0.075982 -0.234395 -0.170999 -0.809732 0.922231
1308 -0.058450 -0.075584 -0.235272 -0.176389 -0.817213 0.921417
1309 -0.059316 -0.075314 -0.235875 -0.181684 -0.824948 0.920443
1310 -0.060293 -0.074861 -0.236527 -0.186630 -0.832315 0.919817
1311 -0.060544 -0.074469 -0.237399 -0.191989 -0.839671 0.918712
1312 -0.061240 -0.073367 -0.238371 -0.197749 -0.846694 0.917659
1313 -0.062199 -0.071199 -0.239320 -0.203557 -0.853671 0.916604
1314 -0.063394 -0.068403 -0.239942 -0.209259 -0.860675 0.915737
1315 -0.064266 -0.066244 -0.240729 -0.214302 -0.867188 0.914469
1316 -0.065033 -0.065523 -0.241273 -0.218628 -0.873358 0.913408
1317 -0.065435 -0.066760 -0.241724 -0.222221 -0.879829 0.912479
1318 -0.065870 -0.069746 -0.242060 -0.225350 -0.886099 0.911481
1319 -0.066117 -0.073743 -0.242374 -0.228558 -0.892802 0.910131
1320 -0.066117 -0.073743 -0.242374 -0.228558 -0.892802 0.910131
1321 -0.066072 -0.075709 -0.243420 -0.231767 -0.898705 0.909119
1322 -0.066066 -0.076013 -0.244546 -0.235710 -0.904186 0.908001
1323 -0.066345 -0.075204 -0.245489 -0.240375 -0.909462 0.906622
1324 -0.066947 -0.074126 -0.246280 -0.245018 -0.914338 0.905150
1325 -0.067401 -0.073526 -0.246697 -0.249395 -0.919519 0.903788
1326 -0.068191 -0.074073 -0.246319 -0.253444 -0.925329 0.902269
1327 -0.069141 -0.075645 -0.246189 -0.257092 -0.930743 0.900862
1328 -0.069770 -0.077799 -0.246469 -0.260734 -0.936198 0.899410
1329 -0.070683 -0.079481 -0.246544 -0.264300 -0.941746 0.898048
1330 -0.070905 -0.080444 -0.246498 -0.268218 -0.947610 0.896797
1331 -0.071344 -0.080553 -0.246572 -0.272636 -0.953083 0.895120
1332 -0.072120 -0.079777 -0.246891 -0.276986 -0.957601 0.893779
1333 -0.072864 -0.078916 -0.247062 -0.281457 -0.962081 0.892282
1334 -0.073959 -0.078150 -0.246653 -0.285563 -0.967037 0.891076
1335 -0.075319 -0.078167 -0.246332 -0.289240 -0.971499 0.889895
1336 -0.076305 -0.079024 -0.246075 -0.292700 -0.975525 0.888793
1337 -0.076591 -0.080368 -0.245554 -0.296428 -0.980133 0.887355
1338 -0.076781 -0.081479 -0.245426 -0.300234 -0.984379 0.886101
1339 -0.077241 -0.081933 -0.245300 -0.304042 -0.988393 0.885143
1340 -0.077241 -0.081933 -0.245300 -0.304042 -0.988393 0.885143
1341 -0.077650 -0.081384 -0.245711 -0.307947 -0.991056 0.884077
1342 -0.078025 -0.080847 -0.246087 -0.311969 -0.993525 0.883062
1343 -0.078575 -0.080573 -0.246267 -0.315876 -0.995868 0.881987
1344 -0.079066 -0.080817 -0.245930 -0.319610 -0.998629 0.881050
1345 -0.079564 -0.081371 -0.245593 -0.322916 -1.001545 0.880255
1346 -0.079856 -0.082201 -0.245117 -0.326348 -1.004660 0.879365
1347 -0.080173 -0.082814 -0.244996 -0.329718 -1.007272 0.878583
1348 -0.080324 -0.083160 -0.244708 -0.333307 -1.009895 0.877760
1349 -0.080516 -0.082942 -0.244606 -0.336819 -1.012331 0.877128
1350 -0.080444 -0.082566 -0.244512 -0.340506 -1.014519 0.876540
1351 -0.080390 -0.082259 -0.244556 -0.344221 -1.016419 0.875853
1352 -0.080347 -0.082035 -0.244503 -0.347649 -1.018232 0.875264
1353 -0.080757 -0.081936 -0.244285 -0.350559 -1.019798 0.874925
1354 -0.080945 -0.082199 -0.244136 -0.353880 -1.021353 0.874592
1355 -0.081123 -0.082565 -0.244205 -0.356711 -1.022562 0.874335
1356 -0.081260 -0.082915 -0.244170 -0.360046 -1.023918 0.873992
1357 -0.081314 -0.083150 -0.244081 -0.362997 -1.025079 0.873742
1358 -0.081607 -0.083239 -0.244123 -0.366301 -1.026074 0.873365
1359 -0.082157 -0.083085 -0.244166 -0.370079 -1.027053 0.873236
1360 -0.082157 -0.083085 -0.244166 -0.370079 -1.027053 0.873236
1361 -0.082707 -0.083075 -0.244916 -0.373242 -1.027203 0.872936
1362 -0.083294 -0.083332 -0.245764 -0.376715 -1.026539 0.872579
1363 -0.083373 -0.083678 -0.246383 -0.379545 -1.025974 0.872361
1364 -0.083263 -0.084143 -0.246784 -0.382750 -1.025645 0.872278
1365 -0.083024 -0.084377 -0.246942 -0.385414 -1.025674 0.872264
1366 -0.082633 -0.084464 -0.247258 -0.388362 -1.025420 0.872274
1367 -0.081176 -0.084373 -0.247507 -0.391457 -1.025243 0.872115
1368 -0.079558 -0.084180 -0.247880 -0.394122 -1.024001 0.872036
1369 -0.077510 -0.084000 -0.248309 -0.397130 -1.022536 0.872157
1370 -0.075655 -0.083846 -0.248552 -0.399668 -1.021094 0.872382
1371 -0.074039 -0.083919 -0.249039 -0.402752 -1.019691 0.872539
1372 -0.072777 -0.083945 -0.249287 -0.405137 -1.018242 0.872670
1373 -0.071121 -0.084074 -0.249839 -0.408005 -1.016531 0.872834
1374 -0.069499 -0.084157 -0.250243 -0.410328 -1.014468 0.873003
1375 -0.067641 -0.084271 -0.250722 -0.413180 -1.012522 0.873279
1376 -0.066638 -0.084172 -0.250876 -0.415624 -1.010779 0.873579
1377 -0.065848 -0.084080 -0.251272 -0.418350 -1.008787 0.873838
1378 -0.064957 -0.084041 -0.251887 -0.421279 -1.006438 0.873914
1379 -0.063597 -0.084058 -0.252386 -0.423899 -1.004075 0.873998
1380 -0.063597 -0.084058 -0.252386 -0.423899 -1.004075 0.873998
1381 -0.062090 -0.084452 -0.253381 -0.426620 -1.000600 0.873935
1382 -0.060550 -0.084805 -0.254424 -0.429693 -0.997281 0.873925
1383 -0.059068 -0.084672 -0.255280 -0.432856 -0.994165 0.873966
1384 -0.057771 -0.083655 -0.255749 -0.435775 -0.991413 0.873937
1385 -0.056353 -0.082035 -0.256242 -0.438948 -0.988623 0.874050
1386 -0.055255 -0.080124 -0.256533 -0.441948 -0.985804 0.874297
1387 -0.054047 -0.078530 -0.257049 -0.444916 -0.982637 0.874412
1388 -0.052558 -0.077235 -0.257523 -0.447756 -0.979543 0.874571
1389 -0.050901 -0.075729 -0.257859 -0.450395 -0.976281 0.874750
1390 -0.048613 -0.073614 -0.258593 -0.453616 -0.972858 0.875065
1391 -0.046401 -0.070382 -0.259357 -0.457119 -0.969430 0.875217
1392 -0.044301 -0.066211 -0.260247 -0.461249 -0.965840 0.875277
1393 -0.042978 -0.061363 -0.260810 -0.464921 -0.962216 0.875664
1394 -0.042104 -0.057642 -0.260969 -0.468215 -0.958440 0.875721
1395 -0.041634 -0.056390 -0.260987 -0.470202 -0.954412 0.876098
1396 -0.041229 -0.058855 -0.260993 -0.471015 -0.950164 0.876363
1397 -0.041035 -0.064458 -0.260940 -0.471040 -0.946120 0.876547
1398 -0.040128 -0.071383 -0.261170 -0.471030 -0.943307 0.876817
1399 -0.039492 -0.077038 -0.261331 -0.470607 -0.940941 0.877415
1400 -0.039492 -0.077038 -0.261331 -0.470607 -0.940941 0.877415
1401 -0.038133 -0.077310 -0.262431 -0.472200 -0.938157 0.877678
1402 -0.036229 -0.075472 -0.263658 -0.475654 -0.934834 0.877947
1403 -0.034609 -0.072860 -0.264511 -0.479063 -0.931511 0.878228
1404 -0.033680 -0.071037 -0.264768 -0.481507 -0.928319 0.878447
1405 -0.033037 -0.070915 -0.264800 -0.482986 -0.924763 0.879074
1406 -0.033258 -0.072996 -0.264639 -0.483816 -0.921087 0.879096
1407 -0.032770 -0.076172 -0.264901 -0.484226 -0.917646 0.879243
1408 -0.031294 -0.079140 -0.265380 -0.484541 -0.914497 0.879378
1409 -0.029548 -0.081115 -0.265865 -0.485862 -0.911392 0.879447
1410 -0.027169 -0.081043 -0.266482 -0.487257 -0.908133 0.879508
1411 -0.025393 -0.079476 -0.267035 -0.489781 -0.904714 0.879261
1412 -0.023782 -0.077024 -0.267531 -0.492420 -0.900890 0.879133
1413 -0.022592 -0.074927 -0.267746 -0.494788 -0.897220 0.878903
1414 -0.021080 -0.073754 -0.268051 -0.496451 -0.893480 0.879074
1415 -0.020828 -0.074314 -0.268216 -0.497696 -0.889552 0.878765
1416 -0.020000 -0.076096 -0.268576 -0.498377 -0.886097 0.878638
1417 -0.019199 -0.078579 -0.269021 -0.499591 -0.883103 0.878405
1418 -0.018479 -0.080348 -0.269627 -0.500642 -0.880363 0.878170
1419 -0.018461 -0.081012 -0.270059 -0.502082 -0.877805 0.877595
1420 -0.018461 -0.081012 -0.270059 -0.502082 -0.877805 0.877595
1421 -0.016905 -0.079977 -0.270868 -0.504373 -0.875341 0.877303
1422 -0.015553 -0.078674 -0.271670 -0.506787 -0.873296 0.877025
1423 -0.015351 -0.077975 -0.272171 -0.509042 -0.871344 0.876345
1424 -0.015850 -0.078113 -0.272477 -0.511087 -0.868723 0.875184
1425 -0.016962 -0.078909 -0.272644 -0.512552 -0.866375 0.873654
1426 -0.018630 -0.080152 -0.272647 -0.514346 -0.863126 0.872023
1427 -0.019528 -0.080714 -0.273033 -0.515495 -0.861069 0.871152
1428 -0.020070 -0.080975 -0.273533 -0.517286 -0.859197 0.869923
1429 -0.021373 -0.080689 -0.273912 -0.519590 -0.857230 0.868264
1430 -0.022951 -0.079937 -0.274203 -0.521767 -0.855013 0.866309
1431 -0.024571 -0.079148 -0.274433 -0.523986 -0.852761 0.864338
1432 -0.024854 -0.078810 -0.274813 -0.526070 -0.850823 0.862758
1433 -0.026232 -0.078926 -0.275117 -0.527888 -0.848555 0.860352
1434 -0.026984 -0.079529 -0.275499 -0.529629 -0.846435 0.858104
1435 -0.027941 -0.080257 -0.275817 -0.531411 -0.844507 0.855558
1436 -0.028658 -0.080741 -0.276163 -0.533028 -0.842361 0.853104
1437 -0.028507 -0.080493 -0.276776 -0.534890 -0.840162 0.850525
1438 -0.028527 -0.078985 -0.277299 -0.537352 -0.838042 0.847583
1439 -0.028292 -0.075983 -0.277872 -0.540771 -0.835624 0.844355
1440 -0.028292 -0.075983 -0.277872 -0.540771 -0.835624 0.844355
1441 -0.027302 -0.071337 -0.278516 -0.544576 -0.832920 0.841552
1442 -0.026343 -0.067017 -0.279009 -0.547486 -0.830315 0.838666
1443 -0.025876 -0.064364 -0.279176 -0.549811 -0.827794 0.835304
1444 -0.025768 -0.063983 -0.279191 -0.551486 -0.825111 0.831623
1445 -0.025547 -0.065459 -0.279358 -0.552013 -0.822789 0.827744
1446 -0.024938 -0.068280 -0.279609 -0.552803 -0.820612 0.823478
1447 -0.024085 -0.070929 -0.279941 -0.553790 -0.818619 0.819154
1448 -0.023180 -0.072177 -0.280434 -0.554722 -0.816386 0.814984
1449 -0.022253 -0.071710 -0.281016 -0.556256 -0.814272 0.810351
1450 -0.021406 -0.069794 -0.281497 -0.558516 -0.812216 0.805319
1451 -0.020045 -0.067037 -0.281975 -0.560849 -0.809753 0.800348
1452 -0.018661 -0.064378 -0.282229 -0.563081 -0.806932 0.795483
1453 -0.017056 -0.062342 -0.282434 -0.564681 -0.804207 0.790549
1454 -0.015927 -0.061442 -0.282597 -0.566110 -0.801773 0.785380
1455 -0.014608 -0.061466 -0.282763 -0.567283 -0.799610 0.780302
1456 -0.013413 -0.061867 -0.283100 -0.568319 -0.797643 0.774961
1457 -0.012288 -0.061842 -0.283565 -0.569001 -0.795725 0.769591
1458 -0.011341 -0.061573 -0.283838 -0.570465 -0.793829 0.763752
1459 -0.010435 -0.060487 -0.284167 -0.571949 -0.792178 0.757841
1460 -0.010435 -0.060487 -0.284167 -0.571949 -0.792178 0.757841
1461 -0.009685 -0.058702 -0.284502 -0.572843 -0.789812 0.752651
1462 -0.009130 -0.057005 -0.284728 -0.573495 -0.787909 0.747119
1463 -0.008792 -0.055827 -0.285095 -0.574602 -0.786870 0.740904
1464 -0.008297 -0.054911 -0.285342 -0.575573 -0.785793 0.734739
1465 -0.007907 -0.054073 -0.285644 -0.576675 -0.784696 0.728437
1466 -0.007388 -0.053084 -0.285928 -0.577643 -0.783505 0.722191
1467 -0.006492 -0.051802 -0.286316 -0.578799 -0.782442 0.715963
1468 -0.005683 -0.050126 -0.286642 -0.580045 -0.781235 0.709644
1469 -0.004942 -0.048175 -0.286977 -0.580935 -0.780118 0.703227
1470 -0.003774 -0.046173 -0.287352 -0.581486 -0.779253 0.696906
1471 -0.002272 -0.044781 -0.287681 -0.581846 -0.778558 0.690682
1472 -0.000922 -0.044099 -0.288003 -0.581607 -0.777697 0.684634
1473 0.000233 -0.044130 -0.288441 -0.581163 -0.777329 0.678294
1474 0.001284 -0.044639 -0.288763 -0.580618 -0.777113 0.671988
1475 0.002462 -0.045156 -0.289146 -0.580169 -0.776782 0.665617
1476 0.004178 -0.045092 -0.289726 -0.579494 -0.776771 0.659366
1477 0.005332 -0.044541 -0.290107 -0.579242 -0.777036 0.652944
1478 0.005526 -0.043880 -0.290400 -0.579281 -0.777501 0.646629
1479 0.005932 -0.043788 -0.290622 -0.578977 -0.778369 0.640429
1480 0.005932 -0.043788 -0.290622 -0.578977 -0.778369 0.640429
1481 0.005360 -0.045580 -0.290970 -0.576209 -0.779056 0.634894
1482 0.004884 -0.048741 -0.291479 -0.573644 -0.780331 0.628379
1483 0.004396 -0.052610 -0.291940 -0.571663 -0.782114 0.621885
1484 0.003535 -0.056268 -0.292409 -0.569604 -0.784547 0.615191
1485 0.002342 -0.059504 -0.292860 -0.567725 -0.787081 0.608565
1486 0.001021 -0.061861 -0.293471 -0.565686 -0.789389 0.602055
1487 -0.000264 -0.063511 -0.294044 -0.563833 -0.791648 0.595651
1488 -0.001409 -0.064811 -0.294562 -0.562814 -0.794167 0.589211
1489 -0.002217 -0.065727 -0.295092 -0.561617 -0.796650 0.582613
1490 -0.003016 -0.066534 -0.295730 -0.559844 -0.799170 0.576308
1491 -0.004335 -0.067485 -0.296362 -0.558108 -0.801831 0.569976
1492 -0.005359 -0.068524 -0.297025 -0.556404 -0.804945 0.563744
1493 -0.006480 -0.069906 -0.297528 -0.555104 -0.807985 0.557468
1494 -0.007247 -0.071661 -0.298227 -0.552957 -0.810828 0.551414
1495 -0.007959 -0.074650 -0.298927 -0.550655 -0.813662 0.545222
1496 -0.008512 -0.078558 -0.299538 -0.548263 -0.816761 0.539048
1497 -0.009115 -0.082659 -0.300505 -0.545649 -0.819920 0.533192
1498 -0.009669 -0.086736 -0.301174 -0.543457 -0.823254 0.526887
1499 -0.009670 -0.089923 -0.302150 -0.542123 -0.826292 0.520830
1500 -0.009670 -0.089923 -0.302150 -0.542123 -0.826292 0.520830
1501 -0.010147 -0.091088 -0.303209 -0.539146 -0.828184 0.515658
1502 -0.010643 -0.093858 -0.303814 -0.537240 -0.831280 0.509594
1503 -0.010676 -0.097600 -0.304509 -0.535228 -0.835152 0.503834
1504 -0.010756 -0.101614 -0.305434 -0.533006 -0.838404 0.498077
1505 -0.010554 -0.105386 -0.306437 -0.531905 -0.841434 0.491887
1506 -0.009950 -0.107362 -0.307425 -0.531087 -0.844665 0.485953
1507 -0.009121 -0.107412 -0.308199 -0.530798 -0.848054 0.479978
1508 -0.008389 -0.105965 -0.308938 -0.531520 -0.851273 0.474194
1509 -0.007936 -0.103781 -0.309686 -0.532257 -0.853628 0.468885
1510 -0.007439 -0.102218 -0.310393 -0.533583 -0.856758 0.463142
1511 -0.006817 -0.101955 -0.310845 -0.535028 -0.860131 0.457556
1512 -0.006270 -0.102947 -0.311456 -0.535979 -0.863357 0.452011
1513 -0.005534 -0.104478 -0.312230 -0.535991 -0.866267 0.446712
1514 -0.004811 -0.106360 -0.312679 -0.536299 -0.870138 0.441307
1515 -0.005186 -0.108251 -0.313272 -0.536160 -0.873807 0.436084
1516 -0.006612 -0.111137 -0.313816 -0.536479 -0.877242 0.430701
1517 -0.007601 -0.114646 -0.314456 -0.536218 -0.880654 0.425598
1518 -0.006954 -0.120711 -0.314963 -0.536779 -0.884734 0.419023
1519 -0.006005 -0.126824 -0.315258 -0.538040 -0.889798 0.412725
1520 -0.006005 -0.126824 -0.315258 -0.538040 -0.889798 0.412725
1521 -0.007370 -0.127431 -0.316962 -0.537084 -0.892008 0.408036
1522 -0.006276 -0.126588 -0.318519 -0.538914 -0.895400 0.402856
1523 -0.003952 -0.124277 -0.319903 -0.544014 -0.899310 0.396888
1524 -0.001115 -0.121099 -0.320630 -0.552211 -0.903672 0.391032
1525 -0.000300 -0.117857 -0.320997 -0.561109 -0.907154 0.384845
1526 -0.000260 -0.115347 -0.321259 -0.570250 -0.909442 0.378540
1527 -0.000600 -0.112368 -0.321550 -0.578011 -0.912046 0.372586
1528 -0.001948 -0.110574 -0.321773 -0.584246 -0.915238 0.367188
1529 -0.002463 -0.110450 -0.322584 -0.588687 -0.918609 0.362104
1530 -0.001657 -0.113532 -0.323798 -0.594151 -0.921958 0.355758
1650 -0.039000 -0.075000 -0.295000 0.131000 0.082000 0.690000
1651 -0.039616 -0.074897 -0.292872 0.131881 0.081368 0.693109
1652 -0.040142 -0.074838 -0.290362 0.132690 0.080741 0.696420
1653 -0.040065 -0.074997 -0.287573 0.133038 0.080052 0.699652
1654 -0.039913 -0.074995 -0.284546 0.133310 0.079402 0.702750
1655 -0.039160 -0.075130 -0.280997 0.132902 0.078634 0.706038
1656 -0.038860 -0.074920 -0.277573 0.133140 0.078480 0.708904
1657 -0.038194 -0.074756 -0.273882 0.133446 0.078392 0.711979
1658 -0.036876 -0.074969 -0.269652 0.133078 0.077753 0.715329
1659 -0.036277 -0.075217 -0.265732 0.133469 0.077859 0.718335
1660 -0.035992 -0.075555 -0.261552 0.134080 0.078166 0.721114
1661 -0.034706 -0.076160 -0.256846 0.133992 0.078076 0.724166
1662 -0.033544 -0.076713 -0.252334 0.134463 0.078444 0.727086
1663 -0.032016 -0.077581 -0.247574 0.134819 0.078902 0.729899
1664 -0.030611 -0.078629 -0.242571 0.135180 0.079344 0.732613
1665 -0.029178 -0.079667 -0.237608 0.135815 0.080149 0.735374
1666 -0.028079 -0.080668 -0.232486 0.136327 0.080972 0.737948
1667 -0.026876 -0.081495 -0.227119 0.136618 0.081841 0.740372
1668 -0.025406 -0.082231 -0.221396 0.136394 0.082334 0.742896
1669 -0.024976 -0.082460 -0.216056 0.137154 0.083908 0.744979
1670 -0.024976 -0.082460 -0.216056 0.137154 0.083908 0.744979
1671 -0.025061 -0.082749 -0.210542 0.138509 0.086105 0.746865
1672 -0.025201 -0.083380 -0.204456 0.139659 0.088017 0.748802
1673 -0.025380 -0.084125 -0.198017 0.140521 0.089782 0.750818
1674 -0.025429 -0.084984 -0.191631 0.141109 0.091422 0.752623
1675 -0.024541 -0.085997 -0.184859 0.140776 0.092520 0.754655
1676 -0.024344 -0.086683 -0.178185 0.140903 0.094034 0.756487
1677 -0.023832 -0.087458 -0.171083 0.140502 0.095331 0.758371
1678 -0.023525 -0.088278 -0.164114 0.140288 0.096728 0.760118
1679 -0.023568 -0.088969 -0.157103 0.140362 0.098359 0.761744
1680 -0.023336 -0.089746 -0.149867 0.140161 0.100009 0.763387
1681 -0.022846 -0.090457 -0.142405 0.139793 0.101632 0.764997
1682 -0.022470 -0.091070 -0.134885 0.139518 0.103271 0.766615
1683 -0.022444 -0.091682 -0.127268 0.139113 0.105043 0.768136
1684 -0.022735 -0.092237 -0.119447 0.138532 0.106800 0.769546
1685 -0.023346 -0.092433 -0.111675 0.138174 0.108917 0.770828
1686 -0.023033 -0.092753 -0.103580 0.137145 0.110506 0.772420
1687 -0.023161 -0.092926 -0.095592 0.136443 0.112593 0.773729
1688 -0.023556 -0.092825 -0.087381 0.135801 0.114777 0.774910
1689 -0.023390 -0.092850 -0.078856 0.134355 0.116708 0.776322
1690 -0.023390 -0.092850 -0.078856 0.134355 0.116708 0.776322
1691 -0.024113 -0.092598 -0.070819 0.133692 0.119299 0.777502
1692 -0.025032 -0.092326 -0.062432 0.132665 0.121908 0.778688
1693 -0.025843 -0.091721 -0.054019 0.131553 0.124472 0.779750
1694 -0.026680 -0.090798 -0.045525 0.130240 0.127022 0.780819
1695 -0.027795 -0.089590 -0.036963 0.128880 0.129719 0.781880
1696 -0.028876 -0.088369 -0.028235 0.127382 0.132435 0.782972
1697 -0.030012 -0.087445 -0.019367 0.125840 0.135152 0.784056
1698 -0.030892 -0.086944 -0.010345 0.124361 0.137954 0.785177
1699 -0.031825 -0.086958 -0.001244 0.123066 0.140804 0.786257
1700 -0.032682 -0.087215 0.007929 0.121881 0.143713 0.787279
1701 -0.033205 -0.087685 0.017469 0.120317 0.146668 0.788458
1702 -0.033787 -0.087745 0.026632 0.119093 0.149615 0.789491
1703 -0.034421 -0.087668 0.036247 0.117201 0.152516 0.790537
1704 -0.035193 -0.087209 0.045892 0.115526 0.155422 0.791598
1705 -0.035866 -0.086794 0.055610 0.113813 0.158645 0.792667
1706 -0.037461 -0.086507 0.065253 0.112453 0.161907 0.793603
1707 -0.038793 -0.086691 0.075148 0.110849 0.165197 0.794550
1708 -0.040213 -0.087167 0.085021 0.109409 0.168537 0.795568
1709 -0.041975 -0.087660 0.094938 0.108155 0.172243 0.796502
1710 -0.041975 -0.087660 0.094938 0.108155 0.172243 0.796502
1711 -0.043101 -0.087775 0.104731 0.106927 0.176086 0.797411
1712 -0.044291 -0.087648 0.114923 0.105212 0.179937 0.798357
1713 -0.045543 -0.087381 0.125231 0.103331 0.183719 0.799355
1714 -0.047005 -0.087155 0.135644 0.101524 0.187603 0.800290
1715 -0.048415 -0.087203 0.146207 0.099709 0.191580 0.801211
1716 -0.049485 -0.087452 0.156794 0.098037 0.195756 0.802181
1717 -0.050453 -0.087921 0.167432 0.096310 0.200158 0.803110
1718 -0.051437 -0.088367 0.177972 0.094470 0.204735 0.803982
1719 -0.052368 -0.088610 0.188432 0.092646 0.209308 0.804930
1720 -0.053067 -0.088710 0.198864 0.090618 0.213858 0.805800
1721 -0.053830 -0.088622 0.209439 0.088251 0.218529 0.806642
1722 -0.054177 -0.088425 0.219513 0.086188 0.223536 0.807448
1723 -0.054409 -0.088291 0.229764 0.083914 0.228656 0.808336
1724 -0.054466 -0.088257 0.240222 0.081424 0.233992 0.809236
1725 -0.054032 -0.088252 0.250310 0.079206 0.239379 0.810177
1726 -0.053739 -0.088400 0.260318 0.076738 0.244991 0.811072
1727 -0.053230 -0.088588 0.270264 0.074184 0.250793 0.812043
1728 -0.052311 -0.088725 0.279779 0.071634 0.256405 0.812949
1729 -0.051591 -0.088745 0.289358 0.069099 0.262358 0.813818
1730 -0.051591 -0.088745 0.289358 0.069099 0.262358 0.813818
1731 -0.050046 -0.088611 0.298281 0.066550 0.269025 0.814579
1732 -0.048360 -0.088506 0.307341 0.063736 0.275539 0.815438
1733 -0.046549 -0.088457 0.316201 0.060889 0.281976 0.816326
1734 -0.045050 -0.088543 0.324918 0.058061 0.288528 0.817152
1735 -0.043010 -0.089138 0.333461 0.055330 0.295317 0.817853
1736 -0.039928 -0.090613 0.341963 0.052531 0.302124 0.818584
1737 -0.036776 -0.092983 0.350134 0.049943 0.309535 0.819448
1738 -0.033366 -0.095784 0.358125 0.047731 0.317168 0.820412
1739 -0.030508 -0.098769 0.365815 0.045156 0.324613 0.821505
1740 -0.027727 -0.101120 0.373250 0.042537 0.331513 0.822461
1741 -0.025784 -0.102416 0.380638 0.039878 0.338917 0.823288
1742 -0.023495 -0.102667 0.387938 0.036632 0.345870 0.823985
1743 -0.021061 -0.102149 0.395225 0.032705 0.352383 0.824875
1744 -0.019104 -0.101163 0.402038 0.028990 0.358965 0.825598
1745 -0.017817 -0.100431 0.408848 0.025215 0.365333 0.826377
1746 -0.016681 -0.100427 0.415511 0.021795 0.371752 0.827161
1747 -0.015871 -0.101250 0.422086 0.018627 0.378328 0.827940
1748 -0.014967 -0.102744 0.428699 0.015175 0.384662 0.828630
1749 -0.013847 -0.104210 0.434848 0.012085 0.391101 0.829378
1750 -0.013847 -0.104210 0.434848 0.012085 0.391101 0.829378
1751 -0.013097 -0.104576 0.440413 0.009024 0.397690 0.830108
1752 -0.012208 -0.104409 0.446170 0.005462 0.403993 0.830822
1753 -0.010647 -0.103900 0.451438 0.001914 0.409742 0.831438
1754 -0.009809 -0.103588 0.457231 -0.001937 0.415830 0.832230
1755 -0.008535 -0.103834 0.462592 -0.005565 0.421824 0.832926
1756 -0.007637 -0.105127 0.467883 -0.009114 0.427853 0.833575
1757 -0.006558 -0.107131 0.472862 -0.012344 0.433873 0.834394
1758 -0.005592 -0.109550 0.477567 -0.015541 0.439931 0.835258
1759 -0.004465 -0.111810 0.482024 -0.018743 0.445742 0.836112
1760 -0.003359 -0.113473 0.486246 -0.022090 0.451395 0.836967
1761 -0.002275 -0.114422 0.490149 -0.025966 0.456639 0.837705
1762 -0.001176 -0.114352 0.493746 -0.029916 0.461986 0.838554
1763 0.000264 -0.113757 0.497029 -0.033819 0.466882 0.839207
1764 0.001346 -0.112994 0.500470 -0.037789 0.471805 0.839994
1765 0.002093 -0.112577 0.503810 -0.041716 0.476561 0.840796
1766 0.002852 -0.112932 0.506928 -0.045946 0.480804 0.841724
1767 0.003127 -0.113345 0.509895 -0.049361 0.485194 0.842314
1768 0.003603 -0.113622 0.512880 -0.053580 0.489617 0.842949
1769 0.004233 -0.113041 0.515303 -0.058099 0.493535 0.843583
1770 0.004233 -0.113041 0.515303 -0.058099 0.493535 0.843583
1771 0.004086 -0.110166 0.517538 -0.062773 0.496514 0.843914
1772 0.003799 -0.106878 0.519952 -0.067704 0.499342 0.844291
1773 0.003802 -0.103974 0.522452 -0.072173 0.502127 0.844436
1774 0.003713 -0.102196 0.524961 -0.076331 0.505151 0.844682
1775 0.003759 -0.101657 0.527233 -0.080208 0.508265 0.844997
1776 0.003608 -0.101742 0.529177 -0.083664 0.511742 0.845383
1777 0.003372 -0.102068 0.531042 -0.087291 0.514762 0.845726
1778 0.002779 -0.101892 0.532793 -0.091036 0.517546 0.846036
1779 0.002256 -0.100868 0.534500 -0.094836 0.520206 0.846189
1780 0.002245 -0.099463 0.536102 -0.098913 0.522290 0.846214
1781 0.002559 -0.097758 0.537811 -0.102823 0.524374 0.846203
1782 0.002313 -0.096532 0.539445 -0.106799 0.526446 0.846333
1783 0.001895 -0.095860 0.541222 -0.110528 0.528894 0.846313
1784 0.001642 -0.095776 0.542872 -0.113875 0.531230 0.846338
1785 0.001404 -0.096302 0.544458 -0.117347 0.533163 0.846356
1786 0.001172 -0.096768 0.545904 -0.120767 0.535201 0.846273
1787 0.000968 -0.096956 0.547279 -0.124259 0.537043 0.846168
1788 0.000940 -0.096639 0.548592 -0.127897 0.538685 0.845998
1789 0.000947 -0.095970 0.549905 -0.131504 0.539974 0.845903
1790 0.000947 -0.095970 0.549905 -0.131504 0.539974 0.845903
1791 0.000816 -0.095664 0.551266 -0.135074 0.541033 0.845608
1792 0.001207 -0.095574 0.552639 -0.138240 0.542508 0.845217
1793 0.001633 -0.095937 0.554053 -0.141898 0.544115 0.844872
1794 0.002424 -0.096356 0.555287 -0.145147 0.545765 0.844570
1795 0.003032 -0.096594 0.556540 -0.148292 0.547130 0.844200
1796 0.003187 -0.096657 0.557689 -0.151755 0.548179 0.843821
1797 0.003533 -0.096424 0.558937 -0.155314 0.549143 0.843319
1798 0.004184 -0.095736 0.560003 -0.158315 0.550372 0.842735
1799 0.005081 -0.095085 0.561178 -0.161471 0.551465 0.842082
1800 0.005989 -0.094806 0.562659 -0.165110 0.552283 0.841600
1801 0.006884 -0.094771 0.564094 -0.168454 0.552977 0.840936
1802 0.007854 -0.094990 0.565451 -0.171712 0.553439 0.840340
1803 0.008789 -0.095125 0.566755 -0.174520 0.554070 0.839604
1804 0.010002 -0.095445 0.568247 -0.178042 0.554352 0.838900
1805 0.011536 -0.095485 0.569534 -0.181195 0.554903 0.838165
1806 0.013226 -0.095401 0.570827 -0.184351 0.555091 0.837278
1807 0.014516 -0.095128 0.572153 -0.187602 0.555306 0.836575
1808 0.015366 -0.094695 0.573442 -0.190479 0.555547 0.835603
1809 0.016903 -0.094318 0.574926 -0.193580 0.555220 0.834618
1810 0.016903 -0.094318 0.574926 -0.193580 0.555220 0.834618
1811 0.018822 -0.094417 0.576304 -0.196555 0.555338 0.833506
1812 0.020654 -0.094625 0.577698 -0.199521 0.555236 0.832544
1813 0.022436 -0.094822 0.579142 -0.202406 0.554870 0.831510
1814 0.024134 -0.094947 0.580486 -0.204950 0.553973 0.830425
1815 0.025296 -0.094902 0.581852 -0.207346 0.552849 0.829318
1816 0.026214 -0.094664 0.583210 -0.209542 0.552221 0.828236
1817 0.027650 -0.094448 0.584796 -0.211881 0.551056 0.827024
1818 0.028821 -0.094348 0.586244 -0.214213 0.549609 0.825915
1819 0.029649 -0.094324 0.587717 -0.216519 0.547902 0.824908
1820 0.029893 -0.094308 0.589157 -0.218681 0.546030 0.823907
1821 0.029709 -0.094453 0.590764 -0.220976 0.543715 0.822874
1822 0.029031 -0.094466 0.592182 -0.222607 0.541250 0.821627
1823 0.028575 -0.094586 0.593755 -0.224115 0.538493 0.820423
1824 0.027910 -0.094476 0.595096 -0.224983 0.535825 0.819063
1825 0.027166 -0.094430 0.596565 -0.225959 0.533111 0.817692
1826 0.026438 -0.094346 0.597919 -0.226793 0.530243 0.816620
1827 0.025216 -0.094364 0.599349 -0.227676 0.526691 0.815488
1828 0.023823 -0.094325 0.600843 -0.228272 0.522846 0.814322
1829 0.021729 -0.094225 0.602353 -0.228727 0.518948 0.813098
1830 0.021729 -0.094225 0.602353 -0.228727 0.518948 0.813098
1831 0.020068 -0.094792 0.604233 -0.230225 0.514555 0.812016
1832 0.018354 -0.095336 0.606037 -0.231833 0.510065 0.810788
1833 0.016667 -0.095543 0.607655 -0.232788 0.505919 0.809540
1834 0.015200 -0.095446 0.609127 -0.232894 0.501599 0.808400
1835 0.013514 -0.095170 0.610485 -0.232777 0.497255 0.807211
1836 0.012018 -0.095106 0.612055 -0.233065 0.492492 0.806002
1837 0.010857 -0.095089 0.613662 -0.233403 0.487685 0.804898
1838 0.010002 -0.095057 0.615141 -0.233491 0.482865 0.803791
1839 0.009392 -0.095196 0.616675 -0.233574 0.478241 0.802854
1840 0.008918 -0.095346 0.618077 -0.233228 0.473491 0.802116
1841 0.008136 -0.095699 0.619512 -0.233110 0.468517 0.801334
1842 0.007241 -0.096040 0.620954 -0.232918 0.463316 0.800399
1843 0.006354 -0.096278 0.622396 -0.232998 0.458179 0.799444
1844 0.006078 -0.096082 0.623661 -0.232567 0.453106 0.798586
1845 0.005935 -0.095912 0.625139 -0.233031 0.447758 0.797823
1846 0.006059 -0.095310 0.626418 -0.232861 0.442451 0.797237
1847 0.005929 -0.094745 0.627783 -0.232615 0.436787 0.796572
1848 0.005744 -0.094530 0.629336 -0.232743 0.430976 0.796005
1849 0.005601 -0.094628 0.630992 -0.232884 0.424753 0.795527
1850 0.005601 -0.094628 0.630992 -0.232884 0.424753 0.795527
1851 0.005191 -0.095350 0.632957 -0.234123 0.418966 0.795106
1852 0.004791 -0.095876 0.634888 -0.235317 0.413023 0.794703
1853 0.004530 -0.095973 0.636325 -0.235669 0.407238 0.794388
1854 0.004222 -0.095428 0.637541 -0.234557 0.401048 0.794108
1855 0.003606 -0.094992 0.638922 -0.233931 0.394643 0.794062
1856 0.002840 -0.094657 0.640388 -0.233158 0.387610 0.794012
1857 0.002072 -0.094440 0.641759 -0.232274 0.381030 0.793810
1858 0.001612 -0.094431 0.643165 -0.231509 0.374579 0.793865
1859 0.001423 -0.094623 0.644635 -0.230852 0.367575 0.794010
1860 0.001139 -0.094711 0.645890 -0.229717 0.360872 0.794302
1861 0.000853 -0.094783 0.647221 -0.228709 0.354042 0.794774
1862 0.000522 -0.094793 0.648525 -0.227625 0.346761 0.795224
1863 0.000182 -0.094631 0.649774 -0.226326 0.339446 0.795678
1864 -0.000379 -0.094424 0.651045 -0.225262 0.332496 0.796184
1865 -0.001194 -0.094480 0.652730 -0.224868 0.324828 0.796867
1866 -0.001844 -0.094231 0.653992 -0.223123 0.317293 0.797540
1870 -0.033000 -0.092000 0.767000 0.000000 0.000000 0.926000
1871 -0.032750 -0.092188 0.769181 -0.002767 -0.005972 0.927767
1872 -0.032862 -0.092169 0.771365 -0.005461 -0.012428 0.929547
1873 -0.032687 -0.091881 0.773250 -0.007421 -0.018996 0.931046
1874 -0.031281 -0.091204 0.774650 -0.007750 -0.025641 0.932311
1875 -0.029709 -0.090565 0.776128 -0.007863 -0.031895 0.933489
1876 -0.028260 -0.090089 0.777351 -0.008016 -0.038062 0.934662
1877 -0.027337 -0.089794 0.778545 -0.008335 -0.044051 0.935935
1878 -0.026736 -0.089545 0.779165 -0.008465 -0.050703 0.937128
1879 -0.026525 -0.088770 0.779966 -0.009004 -0.057412 0.938305
1880 -0.026038 -0.086957 0.780463 -0.009541 -0.064119 0.939307
1881 -0.026613 -0.083934 0.780877 -0.010350 -0.071427 0.940306
1882 -0.027559 -0.080423 0.781207 -0.011477 -0.078533 0.941058
1883 -0.028422 -0.077132 0.781496 -0.012608 -0.085532 0.942033
1884 -0.029897 -0.074659 0.781964 -0.013888 -0.091884 0.942792
1885 -0.031079 -0.073111 0.781973 -0.013992 -0.097878 0.943671
1886 -0.032632 -0.072661 0.781730 -0.013908 -0.103324 0.944383
1887 -0.034504 -0.072956 0.781127 -0.013976 -0.108828 0.945091
1888 -0.036921 -0.073229 0.780078 -0.014248 -0.114633 0.945860
1889 -0.038641 -0.072888 0.779063 -0.014128 -0.120084 0.946297
1890 -0.038641 -0.072888 0.779063 -0.014128 -0.120084 0.946297
1891 -0.041288 -0.072043 0.778340 -0.016815 -0.126188 0.946822
1892 -0.044057 -0.071045 0.777436 -0.020247 -0.131638 0.947288
1893 -0.046374 -0.070255 0.776462 -0.022621 -0.136481 0.947566
1894 -0.048390 -0.069689 0.775093 -0.024083 -0.140352 0.947723
1895 -0.049861 -0.069548 0.773253 -0.024929 -0.144259 0.947941
1896 -0.050961 -0.069444 0.771150 -0.025738 -0.147873 0.948152
1897 -0.051844 -0.068980 0.769050 -0.026781 -0.151893 0.948467
1898 -0.052031 -0.067420 0.766308 -0.027123 -0.155901 0.948794
1899 -0.052270 -0.065185 0.763611 -0.028334 -0.160302 0.949051
1900 -0.052026 -0.062037 0.760961 -0.030742 -0.164262 0.949217
1901 -0.051009 -0.057840 0.757930 -0.033101 -0.168256 0.949328
1902 -0.049514 -0.052882 0.754782 -0.035210 -0.171687 0.949670
1903 -0.048047 -0.048441 0.751916 -0.038095 -0.174708 0.949730
1904 -0.046172 -0.045010 0.748612 -0.040601 -0.177434 0.949985
1905 -0.044434 -0.043029 0.745535 -0.042843 -0.178933 0.950036
1906 -0.042791 -0.042671 0.742231 -0.045051 -0.179795 0.950025
1907 -0.040510 -0.042986 0.738663 -0.046470 -0.179472 0.949830
1908 -0.036950 -0.043930 0.734680 -0.048187 -0.179703 0.949749
1909 -0.032126 -0.044340 0.730310 -0.050173 -0.179606 0.949541
1910 -0.032126 -0.044340 0.730310 -0.050173 -0.179606 0.949541
1911 -0.028164 -0.043320 0.726738 -0.056011 -0.179334 0.949238
1912 -0.024429 -0.041704 0.722948 -0.061410 -0.179476 0.948977
1913 -0.021049 -0.040182 0.719175 -0.066053 -0.178691 0.948504
1914 -0.016545 -0.039203 0.714598 -0.068128 -0.176718 0.948118
1915 -0.012318 -0.039889 0.709848 -0.069781 -0.174178 0.947598
1916 -0.008063 -0.042242 0.704822 -0.070904 -0.171581 0.947223
1917 -0.004983 -0.045647 0.700031 -0.071929 -0.169035 0.946789
1918 -0.002400 -0.049362 0.694905 -0.071842 -0.166308 0.946329
1919 -0.000413 -0.053434 0.690260 -0.071607 -0.163557 0.945941
1920 0.001773 -0.057568 0.685404 -0.071600 -0.161074 0.945415
1921 0.003958 -0.061099 0.680556 -0.071839 -0.158393 0.944724
1922 0.005727 -0.063710 0.675913 -0.072093 -0.156126 0.944022
1923 0.007317 -0.065496 0.671236 -0.072450 -0.154207 0.943489
1924 0.008486 -0.066409 0.666924 -0.072202 -0.152388 0.943001
1925 0.009351 -0.067209 0.662750 -0.072442 -0.150816 0.942242
1926 0.010626 -0.067913 0.658507 -0.072433 -0.149451 0.941444
1927 0.011189 -0.068653 0.654308 -0.072472 -0.147502 0.940655
1928 0.011550 -0.069529 0.650244 -0.072737 -0.145670 0.939945
1929 0.011875 -0.070145 0.646139 -0.072837 -0.143660 0.939262
1930 0.011875 -0.070145 0.646139 -0.072837 -0.143660 0.939262
1931 0.011254 -0.070837 0.642986 -0.074788 -0.142920 0.938322
1932 0.010552 -0.071211 0.639681 -0.077220 -0.141826 0.937195
1933 0.009748 -0.071029 0.636414 -0.079401 -0.140406 0.936049
1934 0.009062 -0.070318 0.632870 -0.080517 -0.138403 0.934966
1935 0.008890 -0.069312 0.628762 -0.080013 -0.136196 0.934044
1936 0.009010 -0.068563 0.624442 -0.079302 -0.134750 0.933185
1937 0.009126 -0.067805 0.620620 -0.079334 -0.133172 0.932237
1938 0.009887 -0.066704 0.616589 -0.079410 -0.132003 0.931549
1939 0.010310 -0.064665 0.612384 -0.078743 -0.130220 0.930742
1940 0.010484 -0.062843 0.608676 -0.078872 -0.129136 0.929873
1941 0.010885 -0.061425 0.604861 -0.078626 -0.127580 0.929165
1942 0.011336 -0.060782 0.601382 -0.078314 -0.125568 0.928385
1943 0.011816 -0.061080 0.597873 -0.078123 -0.123579 0.927552
1944 0.012774 -0.061224 0.593639 -0.076292 -0.121455 0.927001
1945 0.012978 -0.060943 0.590021 -0.075405 -0.119273 0.926493
1946 0.013587 -0.059631 0.586089 -0.075024 -0.118139 0.926042
1947 0.014287 -0.056850 0.582361 -0.074916 -0.116905 0.925532
1948 0.015154 -0.053443 0.578948 -0.074983 -0.115438 0.925042
1949 0.015516 -0.050508 0.575957 -0.074775 -0.113485 0.924239
1950 0.015516 -0.050508 0.575957 -0.074775 -0.113485 0.924239
1951 0.014275 -0.052359 0.574024 -0.075030 -0.111375 0.923421
1952 0.012694 -0.055852 0.571678 -0.074944 -0.108585 0.922376
1953 0.011222 -0.059302 0.569234 -0.074094 -0.105176 0.921397
1954 0.010513 -0.061380 0.566459 -0.072757 -0.101882 0.920683
1955 0.010578 -0.061546 0.563034 -0.071586 -0.099521 0.920090
1956 0.011286 -0.059768 0.559187 -0.069845 -0.097882 0.919953
1957 0.011069 -0.057215 0.556298 -0.068651 -0.096113 0.919746
1958 0.010818 -0.055039 0.553503 -0.067145 -0.094148 0.919432
1959 0.010493 -0.054177 0.550698 -0.065368 -0.092320 0.919012
1960 0.010311 -0.054795 0.547739 -0.063235 -0.089922 0.918689
1961 0.010520 -0.055932 0.544571 -0.060373 -0.086159 0.918498
1962 0.010600 -0.057075 0.541608 -0.058041 -0.082956 0.918368
1963 0.011262 -0.057339 0.538117 -0.055468 -0.080230 0.918370
1964 0.012125 -0.056769 0.534734 -0.053290 -0.078148 0.918443
1965 0.012382 -0.055728 0.531936 -0.051942 -0.075902 0.918221
1966 0.013076 -0.054498 0.528919 -0.049409 -0.072737 0.918249
1967 0.013557 -0.054223 0.526123 -0.047352 -0.070059 0.918166
1968 0.013920 -0.054699 0.523130 -0.044684 -0.066494 0.918194
1969 0.014335 -0.055914 0.519962 -0.041281 -0.063099 0.918144
1970 0.014335 -0.055914 0.519962 -0.041281 -0.063099 0.918144
1971 0.013879 -0.058302 0.517598 -0.039439 -0.060379 0.917848
1972 0.013332 -0.060456 0.514964 -0.037950 -0.057552 0.917395
1973 0.012462 -0.061749 0.512161 -0.036412 -0.054219 0.916940
1974 0.011136 -0.061847 0.509297 -0.034287 -0.049971 0.916508
1975 0.010689 -0.061530 0.506040 -0.031355 -0.046764 0.916307
1976 0.010622 -0.061256 0.502427 -0.027742 -0.044142 0.916429
1977 0.010237 -0.061409 0.499054 -0.024105 -0.041631 0.916313
1978 0.009835 -0.062428 0.495767 -0.020398 -0.038433 0.916255
1979 0.009414 -0.064071 0.492421 -0.016476 -0.035141 0.916212
1980 0.009101 -0.065936 0.489079 -0.012426 -0.031862 0.916210
1981 0.008536 -0.067380 0.485740 -0.008366 -0.028449 0.916183
1982 0.008619 -0.068397 0.482140 -0.004451 -0.025982 0.916371
1983 0.008060 -0.068546 0.479110 -0.000860 -0.023093 0.916322
1984 0.007801 -0.068466 0.476298 0.002255 -0.020379 0.916328
1985 0.007503 -0.068043 0.473740 0.005590 -0.017554 0.916122
1986 0.007702 -0.067885 0.471555 0.009089 -0.014112 0.916169
1987 0.008219 -0.068094 0.469367 0.012870 -0.011374 0.916052
1988 0.008355 -0.068629 0.467356 0.016648 -0.008319 0.916073
1989 0.008192 -0.069266 0.465542 0.020410 -0.004918 0.916139
1990 0.008192 -0.069266 0.465542 0.020410 -0.004918 0.916139
1991 0.007729 -0.069867 0.464753 0.022270 -0.002493 0.915713
1992 0.007239 -0.070329 0.464047 0.023889 0.000802 0.915123
1993 0.006598 -0.070267 0.463529 0.025914 0.004896 0.914524
1994 0.005861 -0.070007 0.463030 0.028426 0.009245 0.914031
1995 0.005806 -0.070029 0.462100 0.031479 0.012706 0.913856
1996 0.005948 -0.070325 0.461308 0.034803 0.016119 0.913708
1997 0.006646 -0.070647 0.460430 0.039001 0.019110 0.913756
1998 0.007088 -0.071137 0.459990 0.042271 0.022374 0.913592
1999 0.007677 -0.071584 0.459634 0.045532 0.025710 0.913578
2000 0.008165 -0.071690 0.459399 0.049010 0.029244 0.913471
2001 0.008808 -0.071814 0.459175 0.052221 0.032182 0.913426
2002 0.009172 -0.071455 0.459273 0.055867 0.035582 0.913277
2003 0.009593 -0.071006 0.459365 0.059607 0.039159 0.913256
2004 0.010073 -0.070887 0.459464 0.062843 0.042173 0.913293
2005 0.010324 -0.070922 0.459712 0.065993 0.045352 0.913112
2006 0.010207 -0.070918 0.460079 0.069237 0.048856 0.912701
2007 0.010769 -0.071190 0.460300 0.072731 0.052016 0.912676
2008 0.010975 -0.071111 0.460707 0.076900 0.055521 0.912446
2009 0.010919 -0.071127 0.461239 0.080344 0.058977 0.912187
2010 0.010919 -0.071127 0.461239 0.080344 0.058977 0.912187
2011 0.010411 -0.071355 0.462309 0.082213 0.061641 0.911494
2012 0.009844 -0.071681 0.463686 0.084267 0.064947 0.910600
2013 0.009032 -0.071728 0.465048 0.086796 0.069098 0.909737
2014 0.008313 -0.071701 0.466255 0.089902 0.073446 0.909109
2015 0.008048 -0.071819 0.467164 0.093038 0.076733 0.908581
2016 0.008289 -0.071683 0.468037 0.097208 0.079887 0.908382
2017 0.008633 -0.071671 0.468989 0.100767 0.082422 0.908134
2018 0.009058 -0.071513 0.469918 0.104412 0.085188 0.908006
2019 0.009220 -0.071364 0.470942 0.107837 0.088050 0.907631
2020 0.009543 -0.071153 0.472038 0.112025 0.091248 0.907522
2021 0.009323 -0.071207 0.473270 0.115248 0.094175 0.906917
2022 0.009486 -0.071279 0.474433 0.119620 0.097465 0.906819
2023 0.009682 -0.071550 0.475494 0.123630 0.100251 0.906601
2024 0.010055 -0.071914 0.476619 0.127625 0.102764 0.906458
2025 0.009792 -0.072010 0.478009 0.131182 0.105617 0.905837
2026 0.009966 -0.072138 0.479196 0.135156 0.108530 0.905792
2027 0.010003 -0.072262 0.480477 0.138729 0.111105 0.905618
2028 0.010035 -0.071991 0.481854 0.142966 0.114348 0.905390
2029 0.010235 -0.071795 0.483344 0.147138 0.117144 0.905136
2030 0.010235 -0.071795 0.483344 0.147138 0.117144 0.905136
2031 0.009699 -0.072130 0.485262 0.149431 0.119507 0.904274
2032 0.008843 -0.072532 0.487541 0.151970 0.122377 0.903110
2033 0.007862 -0.072653 0.489613 0.154980 0.125924 0.902143
2034 0.006724 -0.072715 0.491541 0.158013 0.129751 0.901354
2035 0.006400 -0.072698 0.492801 0.161902 0.132757 0.900965
2036 0.006502 -0.072618 0.493840 0.166588 0.135317 0.901075
2037 0.006202 -0.072506 0.495088 0.170551 0.137658 0.900916
2038 0.005786 -0.072415 0.496262 0.174924 0.140210 0.901009
2039 0.005342 -0.072411 0.497291 0.179598 0.142647 0.901156
2040 0.004601 -0.072644 0.498581 0.183753 0.144792 0.900988
2041 0.003905 -0.073016 0.499771 0.188074 0.146958 0.901020
2042 0.002949 -0.073138 0.501275 0.192208 0.149827 0.900805
2043 0.002751 -0.073204 0.502444 0.197033 0.152430 0.900960
2044 0.002173 -0.073424 0.503809 0.200942 0.154837 0.900895
2045 0.001843 -0.073786 0.505222 0.204902 0.157527 0.900806
2046 0.001842 -0.074428 0.506551 0.209754 0.160327 0.900982
2047 0.001579 -0.075596 0.508019 0.214090 0.163381 0.900832
2048 0.001697 -0.077184 0.509371 0.218578 0.166157 0.900869
2049 0.001849 -0.078723 0.510659 0.223365 0.169172 0.901049
2050 0.001849 -0.078723 0.510659 0.223365 0.169172 0.901049
2051 0.001762 -0.079719 0.512496 0.226258 0.171465 0.900663
2052 0.001448 -0.080316 0.514671 0.229054 0.173822 0.899984
2053 0.001151 -0.080256 0.516695 0.231911 0.176473 0.899440
2054 0.000751 -0.079498 0.518587 0.235645 0.180134 0.899089
2055 0.000866 -0.079041 0.519986 0.239153 0.182602 0.899372
2056 0.000997 -0.078721 0.521266 0.242978 0.184377 0.900020
2057 0.000332 -0.077872 0.522674 0.247685 0.186937 0.900592
2058 -0.000445 -0.077396 0.523982 0.251739 0.188197 0.901068
2059 -0.001465 -0.076809 0.525496 0.256187 0.190113 0.901552
2060 -0.002175 -0.076357 0.526888 0.260281 0.191994 0.901864
2061 -0.002850 -0.076251 0.528387 0.264038 0.193786 0.902215
2062 -0.003318 -0.075956 0.529744 0.268197 0.195933 0.902785
2063 -0.004431 -0.075715 0.531266 0.271938 0.197850 0.903269
2064 -0.006002 -0.075443 0.532884 0.275693 0.199363 0.903765
2065 -0.007779 -0.074890 0.534480 0.279988 0.201359 0.904346
2066 -0.009530 -0.074457 0.536031 0.283942 0.203171 0.904819
2067 -0.011152 -0.074049 0.537673 0.288289 0.205716 0.905412
2068 -0.012696 -0.073983 0.539324 0.291958 0.207691 0.905772
2069 -0.014128 -0.074039 0.540860 0.295990 0.209870 0.906459
2070 -0.014128 -0.074039 0.540860 0.295990 0.209870 0.906459
2071 -0.015519 -0.074274 0.542689 0.298880 0.210846 0.906498
2072 -0.017354 -0.074359 0.544818 0.301932 0.212869 0.906419
2073 -0.018754 -0.074197 0.546737 0.305111 0.215061 0.906471
2074 -0.019998 -0.073919 0.548606 0.308625 0.217777 0.906608
2075 -0.020959 -0.073867 0.549961 0.312386 0.220353 0.907305
2076 -0.021347 -0.073995 0.551089 0.316325 0.222360 0.908098
2077 -0.021785 -0.073991 0.552226 0.320229 0.225030 0.909019
2078 -0.022147 -0.074084 0.553447 0.323734 0.227259 0.909711
2079 -0.022530 -0.074191 0.554450 0.327144 0.229664 0.910609
2080 -0.022281 -0.073737 0.555401 0.331472 0.232883 0.911611
2081 -0.022004 -0.073723 0.556305 0.334892 0.234929 0.912203
2082 -0.022023 -0.073747 0.557219 0.337930 0.237595 0.912913
2083 -0.022122 -0.073794 0.558110 0.341110 0.240781 0.913726
2084 -0.022134 -0.073917 0.559083 0.344283 0.243967 0.914477
2085 -0.021808 -0.074013 0.559959 0.347432 0.246726 0.915081
2086 -0.021368 -0.073868 0.560685 0.351339 0.249983 0.915949
2087 -0.021201 -0.073962 0.561281 0.354425 0.253035 0.916663
2088 -0.020830 -0.073882 0.562149 0.357351 0.256635 0.917246
2089 -0.020405 -0.074057 0.562782 0.359891 0.259688 0.917961
2090 -0.020405 -0.074057 0.562782 0.359891 0.259688 0.917961
2091 -0.019795 -0.074213 0.563954 0.361841 0.262042 0.917807
2092 -0.019338 -0.074460 0.565220 0.364062 0.264536 0.917673
2093 -0.018938 -0.074597 0.566531 0.366628 0.267546 0.917557
2094 -0.018433 -0.074406 0.567547 0.369459 0.271258 0.917728
2095 -0.017968 -0.074199 0.568338 0.372522 0.274963 0.918096
2096 -0.017739 -0.074162 0.568846 0.375616 0.278089 0.918644
2097 -0.017251 -0.073969 0.569385 0.378947 0.281432 0.919448
2098 -0.017458 -0.074103 0.570091 0.381671 0.284660 0.919985
2099 -0.017301 -0.074071 0.570766 0.384601 0.288328 0.920506
2100 -0.017210 -0.074125 0.571467 0.387478 0.291903 0.920941
2101 -0.017100 -0.074464 0.572060 0.390166 0.294911 0.921241
2102 -0.016833 -0.074475 0.572675 0.393078 0.298410 0.921686
2103 -0.016965 -0.074420 0.573439 0.396080 0.302119 0.922149
2104 -0.017156 -0.074425 0.574238 0.398794 0.305653 0.922291
2105 -0.017287 -0.074373 0.574935 0.401773 0.309170 0.922625
2106 -0.017467 -0.074372 0.575740 0.404711 0.312553 0.922827
2107 -0.018121 -0.074380 0.576487 0.407486 0.316340 0.923077
2108 -0.018695 -0.074565 0.577245 0.410078 0.319655 0.923180
2109 -0.019626 -0.074792 0.577985 0.412777 0.323105 0.923426
2110 -0.019626 -0.074792 0.577985 0.412777 0.323105 0.923426
2111 -0.019663 -0.074987 0.579133 0.414853 0.325443 0.922726
2112 -0.019542 -0.075164 0.580386 0.417053 0.328065 0.921938
2113 -0.019318 -0.075198 0.581669 0.419670 0.331172 0.921230
2114 -0.019272 -0.074984 0.582808 0.422454 0.334989 0.920877
2115 -0.019304 -0.074871 0.583746 0.425122 0.338689 0.920614
2116 -0.019521 -0.074896 0.584629 0.427663 0.342414 0.920458
2117 -0.019713 -0.074686 0.585315 0.430767 0.346813 0.920568
2118 -0.019981 -0.074845 0.586093 0.433303 0.350456 0.920558
2119 -0.020056 -0.075019 0.587004 0.435962 0.354202 0.920619
2120 -0.020585 -0.075182 0.588056 0.438379 0.358584 0.920611
2121 -0.021403 -0.075546 0.589266 0.440361 0.362690 0.920273
2122 -0.022169 -0.075485 0.590415 0.442889 0.367630 0.920211
2123 -0.022486 -0.075410 0.591641 0.445375 0.371637 0.919928
2124 -0.023590 -0.075507 0.592781 0.447579 0.375957 0.919753
2125 -0.024231 -0.075433 0.594112 0.449615 0.380297 0.919424
2126 -0.024776 -0.075303 0.595532 0.451969 0.385174 0.919100
2127 -0.025242 -0.075446 0.596947 0.453890 0.389299 0.918482
2128 -0.026270 -0.075487 0.598466 0.456035 0.394457 0.918255
2129 -0.026882 -0.075821 0.599994 0.457780 0.398651 0.917622
2130 -0.026882 -0.075821 0.599994 0.457780 0.398651 0.917622
2131 -0.026511 -0.076003 0.601651 0.459505 0.401697 0.916455
2132 -0.026111 -0.076101 0.603672 0.461508 0.405063 0.915034
2133 -0.025773 -0.076084 0.605561 0.463408 0.408500 0.913780
2134 -0.025231 -0.075648 0.607235 0.465689 0.412924 0.913048
2135 -0.025138 -0.075489 0.609028 0.467707 0.417329 0.912038
2136 -0.025837 -0.075438 0.610466 0.469456 0.422563 0.911476
2137 -0.026218 -0.075430 0.611890 0.471163 0.427971 0.911018
2138 -0.027246 -0.075799 0.613202 0.472038 0.433514 0.910799
2139 -0.027163 -0.075790 0.614495 0.473413 0.438719 0.910282
2140 -0.027795 -0.075793 0.616077 0.474687 0.444442 0.909664
2141 -0.028256 -0.075693 0.617445 0.475760 0.450376 0.909077
2142 -0.027379 -0.075501 0.618741 0.477258 0.456241 0.908424
2143 -0.026953 -0.075683 0.619944 0.477900 0.461997 0.907774
2144 -0.025634 -0.075698 0.621268 0.478713 0.468293 0.907115
2145 -0.024861 -0.075662 0.622280 0.479667 0.474364 0.906508
2146 -0.024923 -0.075695 0.623346 0.480254 0.480646 0.906062
2147 -0.024398 -0.075609 0.624616 0.480917 0.486932 0.905306
2148 -0.023254 -0.075653 0.625776 0.481179 0.492934 0.904481
2149 -0.021401 -0.075626 0.626983 0.481677 0.499243 0.903795
2150 -0.021401 -0.075626 0.626983 0.481677 0.499243 0.903795
2151 -0.019063 -0.076011 0.628192 0.481651 0.504332 0.902567
2152 -0.016772 -0.076288 0.629419 0.482047 0.509018 0.901383
2153 -0.014639 -0.076450 0.630538 0.482527 0.513705 0.900186
2154 -0.012204 -0.076124 0.631374 0.483547 0.519540 0.899422
2155 -0.009637 -0.075795 0.631953 0.484726 0.525672 0.898842
2156 -0.007489 -0.075609 0.632493 0.485646 0.531783 0.898018
2157 -0.006750 -0.075535 0.632746 0.486143 0.538761 0.897736
2158 -0.006466 -0.075695 0.633000 0.486151 0.545429 0.897309
2159 -0.006425 -0.075790 0.633193 0.486368 0.551896 0.896814
2160 -0.006948 -0.075845 0.633562 0.486245 0.558943 0.896239
2161 -0.006668 -0.075734 0.633820 0.486817 0.565656 0.895705
2162 -0.006620 -0.075798 0.634147 0.487231 0.572264 0.895106
2163 -0.006317 -0.075945 0.634239 0.487568 0.578517 0.894469
2164 -0.007122 -0.076111 0.634356 0.487994 0.584686 0.893696
2165 -0.007542 -0.076065 0.634436 0.488684 0.591057 0.892971
2166 -0.007599 -0.075930 0.634465 0.489524 0.597379 0.892426
2167 -0.008188 -0.075980 0.634652 0.489842 0.603268 0.891609
2168 -0.008666 -0.075682 0.634754 0.490574 0.609779 0.890959
2169 -0.009129 -0.075431 0.634732 0.491664 0.615877 0.890303
2170 -0.009129 -0.075431 0.634732 0.491664 0.615877 0.890303
2171 -0.009396 -0.075812 0.635032 0.491831 0.620514 0.889084
2172 -0.009098 -0.076243 0.635308 0.491945 0.625548 0.887814
2173 -0.008599 -0.076648 0.635348 0.491920 0.630677 0.886664
2174 -0.008399 -0.076454 0.635322 0.492609 0.637101 0.885937
2175 -0.007990 -0.075993 0.635186 0.493814 0.643679 0.885363
2176 -0.007468 -0.076003 0.635217 0.494332 0.649333 0.884568
2177 -0.006852 -0.075777 0.635178 0.495007 0.655857 0.883761
2178 -0.006003 -0.075594 0.635032 0.495814 0.662241 0.883118
2179 -0.005815 -0.075604 0.634963 0.496123 0.668579 0.882461
2180 -0.005675 -0.075625 0.635069 0.496453 0.674933 0.881662
2181 -0.005561 -0.075577 0.635189 0.496925 0.680811 0.880714
2182 -0.005372 -0.075270 0.635057 0.497645 0.687484 0.880014
2183 -0.005204 -0.075106 0.635009 0.498234 0.693556 0.879091
2184 -0.005112 -0.074989 0.634999 0.498745 0.699206 0.877954
2185 -0.004933 -0.074666 0.635033 0.499465 0.705797 0.877078
2186 -0.004230 -0.074298 0.634923 0.500635 0.712272 0.876303
2187 -0.004469 -0.074358 0.634993 0.501074 0.717696 0.875206
2188 -0.004408 -0.074241 0.634938 0.501698 0.723883 0.873975
2189 -0.004291 -0.074047 0.634650 0.502526 0.730169 0.872934
2190 -0.004291 -0.074047 0.634650 0.502526 0.730169 0.872934
2191 -0.004237 -0.074548 0.634664 0.502621 0.734722 0.871286
2192 -0.004621 -0.075051 0.634592 0.502699 0.739518 0.869636
2193 -0.005005 -0.075389 0.634319 0.502952 0.744632 0.867922
2194 -0.005403 -0.075320 0.633798 0.503686 0.750899 0.866531
2195 -0.005828 -0.074878 0.633258 0.504806 0.757569 0.865217
2196 -0.006228 -0.074642 0.632884 0.505683 0.763398 0.863557
2197 -0.006186 -0.074195 0.632370 0.506855 0.769351 0.862155
2198 -0.006486 -0.073960 0.632042 0.507730 0.775105 0.860652
2199 -0.007238 -0.073910 0.631795 0.508345 0.780706 0.859012
2200 -0.008283 -0.073993 0.631535 0.508953 0.786160 0.857298
2201 -0.009098 -0.073856 0.630981 0.510219 0.792362 0.855561
2202 -0.009607 -0.073969 0.630586 0.511419 0.797887 0.853938
2203 -0.010403 -0.073848 0.630154 0.512809 0.803762 0.852181
2204 -0.011272 -0.074048 0.629942 0.513681 0.808703 0.850273
2205 -0.012213 -0.073957 0.629766 0.514473 0.814217 0.848253
2206 -0.013321 -0.073466 0.629430 0.515727 0.820292 0.846496
2207 -0.014352 -0.073185 0.629180 0.516759 0.825863 0.844514
2208 -0.014661 -0.072899 0.628876 0.518096 0.831470 0.842593
2209 -0.015060 -0.072876 0.628655 0.519151 0.837425 0.840625
2210 -0.015060 -0.072876 0.628655 0.519151 0.837425 0.840625
2211 -0.015133 -0.073597 0.628704 0.519365 0.841686 0.838312
2212 -0.015379 -0.074119 0.628800 0.519390 0.846410 0.835842
2213 -0.015322 -0.074379 0.628987 0.519590 0.851371 0.833369
2214 -0.015315 -0.073823 0.628632 0.520550 0.858457 0.831446
2215 -0.015423 -0.073618 0.628640 0.521055 0.864292 0.829235
2216 -0.015052 -0.073365 0.628517 0.521919 0.870289 0.827217
2217 -0.014509 -0.073157 0.628226 0.522867 0.876492 0.825137
2218 -0.013599 -0.073140 0.627924 0.524071 0.882487 0.823164
2219 -0.013337 -0.073251 0.627691 0.525008 0.888407 0.820985
2220 -0.013527 -0.073351 0.627331 0.525784 0.894230 0.818882
2221 -0.013605 -0.073232 0.626972 0.526708 0.900126 0.816568
2222 -0.013931 -0.073174 0.626689 0.527603 0.905341 0.814018
2223 -0.014653 -0.072766 0.626257 0.528571 0.911574 0.811637
2224 -0.015063 -0.072677 0.626040 0.529421 0.916942 0.809201
2225 -0.015683 -0.072369 0.625575 0.530608 0.922888 0.806784
2226 -0.016784 -0.072315 0.625322 0.531509 0.928512 0.804191
2227 -0.017543 -0.072381 0.625026 0.532394 0.933597 0.801455
2228 -0.018641 -0.072155 0.624681 0.533528 0.939678 0.798783
2229 -0.019487 -0.072174 0.624475 0.534463 0.945305 0.796002
2230 -0.019487 -0.072174 0.624475 0.534463 0.945305 0.796002
2231 -0.020546 -0.072620 0.624715 0.534874 0.949466 0.793006
2232 -0.021845 -0.073039 0.625078 0.534933 0.954391 0.789613
2233 -0.022772 -0.073178 0.625429 0.535379 0.959653 0.786455
2234 -0.023458 -0.073027 0.625699 0.536053 0.965824 0.783469
2235 -0.023620 -0.072952 0.625933 0.536637 0.971765 0.780552
2236 -0.023645 -0.072597 0.626289 0.537519 0.978433 0.777736
2237 -0.023372 -0.072465 0.626801 0.538287 0.984625 0.774803
2238 -0.022818 -0.072333 0.627338 0.539071 0.990657 0.772020
2239 -0.022138 -0.072324 0.627866 0.539835 0.996247 0.769128
2240 -0.022040 -0.072429 0.628677 0.540302 1.002253 0.766143
2241 -0.021576 -0.072453 0.629415 0.540796 1.008401 0.763117
2242 -0.020923 -0.072245 0.629994 0.541630 1.015014 0.760325
2243 -0.020455 -0.072380 0.630694 0.541669 1.020754 0.757337
2244 -0.019501 -0.072132 0.631354 0.542045 1.027394 0.754285
2245 -0.018791 -0.072115 0.632092 0.542368 1.033098 0.751208
2246 -0.018669 -0.071888 0.632880 0.542986 1.039685 0.747971
2247 -0.017222 -0.071614 0.633405 0.544016 1.046224 0.745161
2248 -0.017219 -0.071678 0.634371 0.544467 1.052391 0.742102
2249 -0.016678 -0.071615 0.635098 0.544952 1.058944 0.739087
2250 -0.016678 -0.071615 0.635098 0.544952 1.058944 0.739087
2251 -0.017443 -0.071917 0.636116 0.544515 1.064493 0.735555
2252 -0.017479 -0.072050 0.637086 0.544327 1.069895 0.731853
2253 -0.017736 -0.072120 0.638012 0.544150 1.075859 0.728150
2254 -0.017671 -0.071858 0.638883 0.544612 1.082145 0.724933
2255 -0.017957 -0.071461 0.639692 0.545717 1.088804 0.721728
2256 -0.018626 -0.071251 0.640665 0.546772 1.095051 0.718506
2257 -0.019463 -0.071443 0.641691 0.547198 1.100930 0.714955
2258 -0.019755 -0.071401 0.642533 0.548226 1.107093 0.711651
2259 -0.020526 -0.071484 0.643553 0.549083 1.113120 0.708251
2260 -0.021841 -0.071476 0.644760 0.549708 1.119319 0.704830
2261 -0.023035 -0.071458 0.645847 0.550273 1.125139 0.701410
2262 -0.024043 -0.071249 0.647048 0.551233 1.130875 0.697952
2263 -0.025642 -0.070912 0.648233 0.552261 1.137183 0.694538
2264 -0.026748 -0.070875 0.649500 0.552999 1.143023 0.690812
2265 -0.027900 -0.070797 0.650785 0.553885 1.149560 0.686943
2266 -0.029179 -0.071037 0.652219 0.554346 1.155647 0.683304
2267 -0.030083 -0.071410 0.653730 0.554689 1.161271 0.679440
2268 -0.031146 -0.071429 0.655163 0.555484 1.168213 0.676183
2269 -0.031516 -0.071426 0.656458 0.556433 1.174231 0.672587
2270 -0.031516 -0.071426 0.656458 0.556433 1.174231 0.672587
2271 -0.032967 -0.071483 0.658300 0.555811 1.179661 0.668314
2272 -0.034336 -0.071383 0.660089 0.555003 1.185386 0.664008
2273 -0.035218 -0.071071 0.661721 0.554926 1.191642 0.659816
2274 -0.035827 -0.070684 0.663244 0.555416 1.198832 0.656258
2275 -0.035877 -0.070648 0.664841 0.555873 1.205516 0.652230
2276 -0.035996 -0.070890 0.666457 0.556091 1.212392 0.648614
2277 -0.035709 -0.071184 0.667926 0.556330 1.218883 0.644565
2278 -0.035264 -0.071190 0.669222 0.556785 1.225810 0.640815
2279 -0.035352 -0.071195 0.670607 0.556746 1.232476 0.636807
2280 -0.034257 -0.070925 0.671763 0.556893 1.239153 0.632854
2281 -0.033591 -0.070582 0.672889 0.556718 1.246140 0.628748
2282 -0.032145 -0.070285 0.673832 0.556345 1.253309 0.624622
2283 -0.030706 -0.070128 0.674903 0.556127 1.260432 0.620536
2284 -0.029248 -0.070023 0.675895 0.555850 1.267649 0.616493
2285 -0.027990 -0.070089 0.676618 0.555654 1.274760 0.612310
2286 -0.026745 -0.070189 0.677408 0.555714 1.282660 0.608020
2287 -0.025838 -0.070528 0.678085 0.555304 1.289430 0.603707
2288 -0.025184 -0.070731 0.678836 0.554310 1.296729 0.599150
2289 -0.023649 -0.070619 0.679223 0.553870 1.303455 0.594884
2290 -0.023649 -0.070619 0.679223 0.553870 1.303455 0.594884
2291 -0.024246 -0.070668 0.679893 0.552578 1.309502 0.589802
2292 -0.024584 -0.070686 0.680485 0.551400 1.315658 0.584424
2293 -0.024878 -0.070588 0.680891 0.550699 1.322416 0.579403
2294 -0.024894 -0.070084 0.681282 0.551203 1.330671 0.574892
2295 -0.025717 -0.070139 0.681551 0.550922 1.337734 0.570043
2296 -0.024943 -0.069804 0.681499 0.551208 1.344713 0.565454
2297 -0.024016 -0.068536 0.680994 0.551509 1.351741 0.560940
2298 -0.024373 -0.066175 0.680783 0.550766 1.358484 0.555962
2299 -0.024494 -0.062443 0.680422 0.549492 1.364614 0.551168
2300 -0.026201 -0.058148 0.680354 0.547693 1.370635 0.545811
2301 -0.026624 -0.054058 0.680158 0.547278 1.377154 0.541048
2302 -0.028351 -0.052432 0.680339 0.546557 1.383882 0.535766
2303 -0.029327 -0.053536 0.680594 0.546510 1.391080 0.530433
2304 -0.030283 -0.057169 0.680598 0.547315 1.398597 0.525006
2305 -0.030886 -0.062041 0.680013 0.549105 1.406545 0.519575
2306 -0.031477 -0.066338 0.679586 0.551432 1.415729 0.514834
2307 -0.032659 -0.069695 0.678403 0.552923 1.422817 0.509544
2308 -0.034115 -0.070734 0.677772 0.553361 1.430197 0.504556
2309 -0.035736 -0.069687 0.677252 0.553382 1.437204 0.499468
2310 -0.035736 -0.069687 0.677252 0.553382 1.437204 0.499468
2311 -0.037845 -0.069027 0.677403 0.551781 1.441739 0.493449
2312 -0.039114 -0.069055 0.677606 0.550798 1.447749 0.487464
2313 -0.039858 -0.069789 0.678060 0.550910 1.455281 0.482261
2314 -0.040748 -0.070910 0.678259 0.552329 1.464268 0.477394
2315 -0.041267 -0.072872 0.678137 0.553125 1.471800 0.472426
2316 -0.042340 -0.074188 0.678166 0.553725 1.479683 0.467333
2317 -0.042706 -0.074717 0.677608 0.553768 1.486953 0.462840
2318 -0.043964 -0.074759 0.677549 0.553444 1.493668 0.457992
2319 -0.045203 -0.074441 0.677541 0.552699 1.500298 0.453116
2320 -0.047374 -0.074030 0.678055 0.551619 1.507375 0.448023
2321 -0.050091 -0.074092 0.679141 0.550332 1.514650 0.442761
2322 -0.051803 -0.074103 0.679794 0.550383 1.523117 0.438143
2323 -0.053754 -0.074902 0.680576 0.550423 1.530674 0.433414
2324 -0.056046 -0.075504 0.681059 0.551096 1.538298 0.428798
2325 -0.058773 -0.076265 0.681900 0.550553 1.545423 0.423980
2326 -0.061306 -0.076788 0.682804 0.549516 1.551866 0.419243
2327 -0.063528 -0.075781 0.683756 0.550229 1.561144 0.414875
2328 -0.066188 -0.075541 0.684525 0.549777 1.568300 0.410284
2329 -0.069863 -0.075658 0.685849 0.548768 1.575953 0.405245
2330 -0.069863 -0.075658 0.685849 0.548768 1.575953 0.405245
2331 -0.071996 -0.077239 0.687122 0.547791 1.581985 0.400087
2332 -0.073423 -0.078574 0.688326 0.546831 1.589085 0.394998
2333 -0.074447 -0.079022 0.689484 0.546133 1.598399 0.390826
2334 -0.076058 -0.079285 0.690463 0.545257 1.606405 0.386527
2335 -0.077735 -0.079119 0.691558 0.543729 1.614903 0.382525
2336 -0.079756 -0.078962 0.692829 0.541697 1.623198 0.378181
2337 -0.080969 -0.078786 0.693750 0.540039 1.631908 0.374198
2338 -0.082360 -0.079149 0.694607 0.538287 1.639980 0.370009
2339 -0.083383 -0.079469 0.695270 0.536749 1.649320 0.366312
2340 -0.084543 -0.080204 0.696095 0.535060 1.658571 0.362459
2341 -0.085945 -0.080830 0.696881 0.533277 1.667865 0.358439
2342 -0.086919 -0.081098 0.697138 0.531460 1.677275 0.354788
2343 -0.088303 -0.081090 0.696794 0.528549 1.685685 0.351194
2344 -0.091032 -0.080104 0.696863 0.525250 1.694971 0.348030
2345 -0.094583 -0.079219 0.696620 0.521231 1.703028 0.344807
2346 -0.097271 -0.077676 0.695598 0.518032 1.709939 0.341373
2347 -0.099907 -0.078262 0.693109 0.516046 1.713110 0.339260
2348 -0.103339 -0.081005 0.692302 0.511647 1.713673 0.336677
2349 -0.104990 -0.085598 0.693083 0.502316 1.708756 0.333469
2350 -0.104990 -0.085598 0.693083 0.502316 1.708756 0.333469
2351 -0.104685 -0.086871 0.692427 0.500723 1.716351 0.329265
2352 -0.104803 -0.087703 0.691285 0.499195 1.725891 0.324951
2353 -0.105693 -0.088355 0.689968 0.496557 1.735117 0.320513
2354 -0.105258 -0.087747 0.688510 0.495177 1.746036 0.317070
2355 -0.106844 -0.087990 0.686174 0.492052 1.754150 0.312909
2356 -0.108831 -0.089528 0.682234 0.487248 1.758944 0.308878
2357 -0.109686 -0.092205 0.678497 0.481260 1.759982 0.305459
2358 -0.110296 -0.094748 0.676855 0.477656 1.760113 0.302098
2359 -0.105568 -0.100763 0.675510 0.466027 1.754223 0.297667
2360 -0.104967 -0.103584 0.674788 0.463872 1.753286 0.294833
2361 -0.103502 -0.103892 0.676588 0.463774 1.753672 0.291679
2362 -0.103385 -0.104710 0.677877 0.463775 1.754103 0.290030
2363 -0.104351 -0.105222 0.678310 0.463577 1.755195 0.288527
2364 -0.104562 -0.104719 0.679875 0.463955 1.754883 0.286535
2365 -0.102906 -0.107865 0.680599 0.456107 1.753903 0.281605
2366 -0.097853 -0.085042 0.651273 0.443172 1.740711 0.289612
2367 -0.099124 -0.112127 0.683110 0.441920 1.753078 0.277316
2368 -0.099373 -0.113523 0.683461 0.442811 1.756332 0.274497
2369 -0.098613 -0.114455 0.684564 0.443027 1.756105 0.273489
2370 -0.098613 -0.114455 0.684564 0.443027 1.756105 0.273489
2371 -0.100929 -0.114825 0.683697 0.443156 1.762428 0.270433
2372 -0.103559 -0.114970 0.683030 0.443045 1.769819 0.267334
2373 -0.105629 -0.115368 0.683230 0.442094 1.775637 0.264613
2374 -0.105268 -0.116031 0.685965 0.440639 1.775873 0.263840
2375 -0.105074 -0.117078 0.688938 0.439308 1.775492 0.262462
2376 -0.103719 -0.117988 0.694785 0.436730 1.774072 0.261932
2377 -0.103695 -0.118315 0.697892 0.436689 1.774690 0.261750
2378 -0.103584 -0.118513 0.702526 0.436917 1.776836 0.260942
2379 -0.103355 -0.118646 0.706427 0.436681 1.778619 0.260284
2380 -0.103398 -0.118099 0.711241 0.436329 1.780476 0.260776
2381 -0.104154 -0.117381 0.715204 0.436261 1.783790 0.261075
2382 -0.099507 -0.112809 0.716889 0.434944 1.786021 0.260931
2383 -0.099184 -0.112132 0.718659 0.434522 1.787952 0.261731
2384 -0.099922 -0.110619 0.724309 0.435065 1.793466 0.262573
2385 -0.097334 -0.108778 0.713840 0.428912 1.800311 0.256286
2386 -0.097293 -0.109605 0.717550 0.418307 1.804367 0.256286
2387 -0.097591 -0.109504 0.719091 0.417060 1.805406 0.256110
2388 -0.096302 -0.109110 0.723017 0.415294 1.805884 0.256584
2389 -0.096099 -0.109231 0.728973 0.410814 1.805060 0.256930
2390 -0.096099 -0.109231 0.728973 0.410814 1.805060 0.256930
2391 -0.096928 -0.108571 0.729965 0.409044 1.812649 0.256877
2392 -0.097618 -0.108164 0.731742 0.407211 1.820165 0.257013
2393 -0.096180 -0.107282 0.735779 0.406224 1.824101 0.258047
2394 -0.094644 -0.106442 0.741618 0.405551 1.827413 0.260098
2395 -0.093152 -0.105411 0.747861 0.406539 1.832262 0.261760
2396 -0.091623 -0.104401 0.755587 0.407509 1.835801 0.263620
2397 -0.090678 -0.102479 0.764149 0.410767 1.839203 0.266264
2398 -0.089693 -0.101765 0.769361 0.410912 1.843496 0.267830
2399 -0.087020 -0.101062 0.778615 0.409879 1.848169 0.270031
2400 -0.085769 -0.098082 0.787430 0.417290 1.856367 0.273135
2401 -0.084332 -0.096455 0.794430 0.420260 1.860388 0.275407
2402 -0.082251 -0.095764 0.799004 0.420996 1.862369 0.277759
2403 -0.078699 -0.095397 0.803038 0.421169 1.867733 0.280622
2404 -0.074420 -0.095248 0.807481 0.421607 1.872414 0.283841
2405 -0.069727 -0.094383 0.811908 0.422039 1.886427 0.287728
2406 -0.068530 -0.091897 0.812664 0.431721 1.903092 0.290135
2407 -0.066839 -0.091010 0.812661 0.433761 1.916235 0.292154
2408 -0.065872 -0.089498 0.813730 0.434419 1.927960 0.294166
2409 -0.065784 -0.088416 0.812641 0.436539 1.940071 0.294761
2410 -0.065784 -0.088416 0.812641 0.436539 1.940071 0.294761
2411 -0.067818 -0.087705 0.811621 0.436470 1.948559 0.288982
2412 -0.071937 -0.086658 0.813689 0.437298 1.964641 0.285544
2413 -0.077182 -0.086816 0.811476 0.436388 1.979135 0.282324
2414 -0.084284 -0.087370 0.802721 0.438340 1.991767 0.278346
2415 -0.088921 -0.089535 0.798849 0.435747 2.000050 0.272279
2416 -0.102255 -0.092785 0.773582 0.426001 1.994759 0.263363
2417 -0.102797 -0.093116 0.790921 0.421824 2.017612 0.258654
2418 -0.106534 -0.095630 0.792550 0.417408 2.027673 0.251012
2419 -0.101646 -0.103450 0.812150 0.400362 2.033688 0.241674
2420 -0.111326 -0.102416 0.808406 0.402393 2.045631 0.238570
2421 -0.139681 -0.109235 0.803948 0.402165 2.046552 0.244159
2422 -0.328258 -0.223493 0.593971 0.469728 2.085046 0.263914
